-2 -2 0.011712
-1.9 -2 0.011485
-1.8 -2 0.010061
-1.7 -2 0.010586
-1.6 -2 0.0093698
-1.5 -2 0.0099363
-1.4 -2 0.011323
-1.3 -2 0.012967
-1.2 -2 0.013854
-1.1 -2 0.015216
-1 -2 0.017527
-0.9 -2 0.019393
-0.8 -2 0.021418
-0.7 -2 0.023111
-0.6 -2 0.02515
-0.5 -2 0.02782
-0.4 -2 0.030776
-0.3 -2 0.034396
-0.2 -2 0.038348
-0.1 -2 0.042015
0 -2 0.050667
0.1 -2 0.053492
0.2 -2 0.055707
0.3 -2 0.058514
0.4 -2 0.062425
0.5 -2 0.064823
0.6 -2 0.066249
0.7 -2 0.066033
0.8 -2 0.064691
0.9 -2 0.063394
1 -2 0.060724
1.1 -2 0.057807
1.2 -2 0.052513
1.3 -2 0.046596
1.4 -2 0.041405
1.5 -2 0.037338
1.6 -2 0.032798
1.7 -2 0.027927
1.8 -2 0.023286
1.9 -2 0.017584
2 -2 0.012888
-2 -1.9 0.0095172
-1.9 -1.9 0.0092249
-1.8 -1.9 0.0078747
-1.7 -1.9 0.0077896
-1.6 -1.9 0.0062439
-1.5 -1.9 0.0060484
-1.4 -1.9 0.0068496
-1.3 -1.9 0.0084494
-1.2 -1.9 0.0096085
-1.1 -1.9 0.011507
-1 -1.9 0.013006
-0.9 -1.9 0.014923
-0.8 -1.9 0.01668
-0.7 -1.9 0.018481
-0.6 -1.9 0.020359
-0.5 -1.9 0.023353
-0.4 -1.9 0.026029
-0.3 -1.9 0.028762
-0.2 -1.9 0.032918
-0.1 -1.9 0.034929
0 -1.9 0.042034
0.1 -1.9 0.045022
0.2 -1.9 0.048637
0.3 -1.9 0.050879
0.4 -1.9 0.054776
0.5 -1.9 0.059764
0.6 -1.9 0.059341
0.7 -1.9 0.058313
0.8 -1.9 0.056767
0.9 -1.9 0.05485
1 -1.9 0.051745
1.1 -1.9 0.047876
1.2 -1.9 0.042497
1.3 -1.9 0.035834
1.4 -1.9 0.030181
1.5 -1.9 0.026127
1.6 -1.9 0.021499
1.7 -1.9 0.016761
1.8 -1.9 0.012175
1.9 -1.9 0.0066216
2 -1.9 0.0026454
-2 -1.8 0.0050515
-1.9 -1.8 0.0048333
-1.8 -1.8 0.0038662
-1.7 -1.8 0.002665
-1.6 -1.8 0.0016856
-1.5 -1.8 0.0012673
-1.4 -1.8 0.0027952
-1.3 -1.8 0.0036006
-1.2 -1.8 0.003503
-1.1 -1.8 0.0034664
-1 -1.8 0.0045404
-0.9 -1.8 0.0072529
-0.8 -1.8 0.010233
-0.7 -1.8 0.012445
-0.6 -1.8 0.014771
-0.5 -1.8 0.016145
-0.4 -1.8 0.017927
-0.3 -1.8 0.020482
-0.2 -1.8 0.024234
-0.1 -1.8 0.026198
0 -1.8 0.031669
0.1 -1.8 0.033183
0.2 -1.8 0.034422
0.3 -1.8 0.038545
0.4 -1.8 0.042857
0.5 -1.8 0.04641
0.6 -1.8 0.046713
0.7 -1.8 0.047731
0.8 -1.8 0.045852
0.9 -1.8 0.044037
1 -1.8 0.042719
1.1 -1.8 0.039834
1.2 -1.8 0.035192
1.3 -1.8 0.028894
1.4 -1.8 0.023967
1.5 -1.8 0.020588
1.6 -1.8 0.015489
1.7 -1.8 0.011547
1.8 -1.8 0.007747
1.9 -1.8 0.0010014
2 -1.8 -0.0031157
-2 -1.7 0.0028703
-1.9 -1.7 0.0020927
-1.8 -1.7 0.0014765
-1.7 -1.7 0.00048088
-1.6 -1.7 -0.0012406
-1.5 -1.7 -0.0032146
-1.4 -1.7 -0.0027936
-1.3 -1.7 -0.0034774
-1.2 -1.7 -0.003689
-1.1 -1.7 -0.003646
-1 -1.7 -0.0039331
-0.9 -1.7 -0.0019516
-0.8 -1.7 0.00064253
-0.7 -1.7 0.0034389
-0.6 -1.7 0.0057092
-0.5 -1.7 0.0077793
-0.4 -1.7 0.009859
-0.3 -1.7 0.012046
-0.2 -1.7 0.015466
-0.1 -1.7 0.018165
0 -1.7 0.022529
0.1 -1.7 0.026584
0.2 -1.7 0.029185
0.3 -1.7 0.031413
0.4 -1.7 0.035089
0.5 -1.7 0.040032
0.6 -1.7 0.040003
0.7 -1.7 0.039472
0.8 -1.7 0.037984
0.9 -1.7 0.038167
1 -1.7 0.036364
1.1 -1.7 0.034107
1.2 -1.7 0.031136
1.3 -1.7 0.025765
1.4 -1.7 0.01997
1.5 -1.7 0.015135
1.6 -1.7 0.0096325
1.7 -1.7 0.0048949
1.8 -1.7 -0.00090988
1.9 -1.7 -0.0057848
2 -1.7 -0.0093427
-2 -1.6 -0.0046904
-1.9 -1.6 -0.0056896
-1.8 -1.6 -0.0067887
-1.7 -1.6 -0.0097729
-1.6 -1.6 -0.010845
-1.5 -1.6 -0.010592
-1.4 -1.6 -0.0099135
-1.3 -1.6 -0.0094383
-1.2 -1.6 -0.0091494
-1.1 -1.6 -0.0086967
-1 -1.6 -0.0079645
-0.9 -1.6 -0.0052941
-0.8 -1.6 -0.0030632
-0.7 -1.6 -0.0009885
-0.6 -1.6 0.00038444
-0.5 -1.6 0.0021793
-0.4 -1.6 0.0040064
-0.3 -1.6 0.0062612
-0.2 -1.6 0.0092491
-0.1 -1.6 0.013153
0 -1.6 0.016853
0.1 -1.6 0.020488
0.2 -1.6 0.022343
0.3 -1.6 0.023876
0.4 -1.6 0.028404
0.5 -1.6 0.031761
0.6 -1.6 0.033595
0.7 -1.6 0.032983
0.8 -1.6 0.032297
0.9 -1.6 0.030814
1 -1.6 0.029566
1.1 -1.6 0.027525
1.2 -1.6 0.023007
1.3 -1.6 0.018389
1.4 -1.6 0.012828
1.5 -1.6 0.0079812
1.6 -1.6 0.0034198
1.7 -1.6 -0.001867
1.8 -1.6 -0.0066412
1.9 -1.6 -0.011694
2 -1.6 -0.015664
-2 -1.5 -0.0070163
-1.9 -1.5 -0.010475
-1.8 -1.5 -0.011588
-1.7 -1.5 -0.013654
-1.6 -1.5 -0.015182
-1.5 -1.5 -0.014056
-1.4 -1.5 -0.014111
-1.3 -1.5 -0.01362
-1.2 -1.5 -0.013495
-1.1 -1.5 -0.012742
-1 -1.5 -0.01197
-0.9 -1.5 -0.010024
-0.8 -1.5 -0.0079129
-0.7 -1.5 -0.0065517
-0.6 -1.5 -0.0046364
-0.5 -1.5 -0.003245
-0.4 -1.5 -0.0015839
-0.3 -1.5 0.00015026
-0.2 -1.5 0.0018458
-0.1 -1.5 0.0046633
0 -1.5 0.0079754
0.1 -1.5 0.012676
0.2 -1.5 0.015158
0.3 -1.5 0.01813
0.4 -1.5 0.020924
0.5 -1.5 0.024145
0.6 -1.5 0.024072
0.7 -1.5 0.024421
0.8 -1.5 0.023344
0.9 -1.5 0.020637
1 -1.5 0.018384
1.1 -1.5 0.016534
1.2 -1.5 0.013627
1.3 -1.5 0.010169
1.4 -1.5 0.0044419
1.5 -1.5 -0.00051498
1.6 -1.5 -0.0050529
1.7 -1.5 -0.0093663
1.8 -1.5 -0.014278
1.9 -1.5 -0.019532
2 -1.5 -0.022868
-2 -1.4 -0.0089421
-1.9 -1.4 -0.012445
-1.8 -1.4 -0.013597
-1.7 -1.4 -0.015915
-1.6 -1.4 -0.017518
-1.5 -1.4 -0.016825
-1.4 -1.4 -0.016123
-1.3 -1.4 -0.016711
-1.2 -1.4 -0.016436
-1.1 -1.4 -0.015864
-1 -1.4 -0.015717
-0.9 -1.4 -0.014219
-0.8 -1.4 -0.012121
-0.7 -1.4 -0.010981
-0.6 -1.4 -0.0095033
-0.5 -1.4 -0.0083664
-0.4 -1.4 -0.0073105
-0.3 -1.4 -0.0067921
-0.2 -1.4 -0.0056215
-0.1 -1.4 -0.0030877
0 -1.4 0.0021381
0.1 -1.4 0.0064881
0.2 -1.4 0.0077905
0.3 -1.4 0.009406
0.4 -1.4 0.012252
0.5 -1.4 0.015049
0.6 -1.4 0.015226
0.7 -1.4 0.01412
0.8 -1.4 0.012612
0.9 -1.4 0.011415
1 -1.4 0.0084057
1.1 -1.4 0.0066626
1.2 -1.4 0.0029646
1.3 -1.4 1.3845e-06
1.4 -1.4 -0.0024519
1.5 -1.4 -0.0083843
1.6 -1.4 -0.011979
1.7 -1.4 -0.014804
1.8 -1.4 -0.019915
1.9 -1.4 -0.025161
2 -1.4 -0.027866
-2 -1.3 -0.011784
-1.9 -1.3 -0.01603
-1.8 -1.3 -0.017744
-1.7 -1.3 -0.01993
-1.6 -1.3 -0.020799
-1.5 -1.3 -0.021344
-1.4 -1.3 -0.020593
-1.3 -1.3 -0.021373
-1.2 -1.3 -0.021312
-1.1 -1.3 -0.020873
-1 -1.3 -0.021092
-0.9 -1.3 -0.019854
-0.8 -1.3 -0.017989
-0.7 -1.3 -0.016706
-0.6 -1.3 -0.01549
-0.5 -1.3 -0.01475
-0.4 -1.3 -0.013694
-0.3 -1.3 -0.012598
-0.2 -1.3 -0.011402
-0.1 -1.3 -0.0089306
0 -1.3 -0.0042245
0.1 -1.3 -0.00064951
0.2 -1.3 0.0012995
0.3 -1.3 0.0020948
0.4 -1.3 0.0053966
0.5 -1.3 0.008044
0.6 -1.3 0.0078533
0.7 -1.3 0.0065311
0.8 -1.3 0.0059803
0.9 -1.3 0.0043322
1 -1.3 0.0022957
1.1 -1.3 0.00084892
1.2 -1.3 -0.003405
1.3 -1.3 -0.0074929
1.4 -1.3 -0.010625
1.5 -1.3 -0.016754
1.6 -1.3 -0.01942
1.7 -1.3 -0.022037
1.8 -1.3 -0.026211
1.9 -1.3 -0.028968
2 -1.3 -0.031688
-2 -1.2 -0.014671
-1.9 -1.2 -0.015918
-1.8 -1.2 -0.019327
-1.7 -1.2 -0.021687
-1.6 -1.2 -0.024359
-1.5 -1.2 -0.025804
-1.4 -1.2 -0.02544
-1.3 -1.2 -0.024661
-1.2 -1.2 -0.025054
-1.1 -1.2 -0.025049
-1 -1.2 -0.02549
-0.9 -1.2 -0.025624
-0.8 -1.2 -0.024736
-0.7 -1.2 -0.023486
-0.6 -1.2 -0.022334
-0.5 -1.2 -0.021108
-0.4 -1.2 -0.020373
-0.3 -1.2 -0.019643
-0.2 -1.2 -0.018234
-0.1 -1.2 -0.016256
0 -1.2 -0.011903
0.1 -1.2 -0.0084807
0.2 -1.2 -0.0052443
0.3 -1.2 -0.0038538
0.4 -1.2 -8.5652e-06
0.5 -1.2 0.0028857
0.6 -1.2 0.0032991
0.7 -1.2 0.0023546
0.8 -1.2 0.0012516
0.9 -1.2 -0.001029
1 -1.2 -0.0037431
1.1 -1.2 -0.006616
1.2 -1.2 -0.0096315
1.3 -1.2 -0.012182
1.4 -1.2 -0.0158
1.5 -1.2 -0.021762
1.6 -1.2 -0.028166
1.7 -1.2 -0.030877
1.8 -1.2 -0.032398
1.9 -1.2 -0.035499
2 -1.2 -0.036424
-2 -1.1 -0.013873
-1.9 -1.1 -0.015257
-1.8 -1.1 -0.022306
-1.7 -1.1 -0.02317
-1.6 -1.1 -0.025324
-1.5 -1.1 -0.026315
-1.4 -1.1 -0.02694
-1.3 -1.1 -0.027425
-1.2 -1.1 -0.028033
-1.1 -1.1 -0.029066
-1 -1.1 -0.029174
-0.9 -1.1 -0.029709
-0.8 -1.1 -0.028678
-0.7 -1.1 -0.029146
-0.6 -1.1 -0.02834
-0.5 -1.1 -0.027421
-0.4 -1.1 -0.026351
-0.3 -1.1 -0.025577
-0.2 -1.1 -0.024328
-0.1 -1.1 -0.023894
0 -1.1 -0.02011
0.1 -1.1 -0.01669
0.2 -1.1 -0.012371
0.3 -1.1 -0.010774
0.4 -1.1 -0.0072234
0.5 -1.1 -0.0046394
0.6 -1.1 -0.0042504
0.7 -1.1 -0.0048857
0.8 -1.1 -0.0060376
0.9 -1.1 -0.0081836
1 -1.1 -0.010801
1.1 -1.1 -0.014152
1.2 -1.1 -0.01809
1.3 -1.1 -0.021444
1.4 -1.1 -0.023225
1.5 -1.1 -0.027284
1.6 -1.1 -0.033343
1.7 -1.1 -0.036433
1.8 -1.1 -0.040696
1.9 -1.1 -0.043812
2 -1.1 -0.045243
-2 -1 -0.01352
-1.9 -1 -0.015447
-1.8 -1 -0.018292
-1.7 -1 -0.018836
-1.6 -1 -0.025852
-1.5 -1 -0.026886
-1.4 -1 -0.027434
-1.3 -1 -0.027312
-1.2 -1 -0.027691
-1.1 -1 -0.029563
-1 -1 -0.031135
-0.9 -1 -0.03168
-0.8 -1 -0.031059
-0.7 -1 -0.030739
-0.6 -1 -0.030518
-0.5 -1 -0.03007
-0.4 -1 -0.028727
-0.3 -1 -0.028315
-0.2 -1 -0.027243
-0.1 -1 -0.026431
0 -1 -0.024496
0.1 -1 -0.02099
0.2 -1 -0.016703
0.3 -1 -0.014587
0.4 -1 -0.010356
0.5 -1 -0.0080895
0.6 -1 -0.0080928
0.7 -1 -0.0088375
0.8 -1 -0.010421
0.9 -1 -0.012892
1 -1 -0.015664
1.1 -1 -0.018924
1.2 -1 -0.023287
1.3 -1 -0.027984
1.4 -1 -0.031616
1.5 -1 -0.03509
1.6 -1 -0.03981
1.7 -1 -0.043915
1.8 -1 -0.0478
1.9 -1 -0.051087
2 -1 -0.052713
-2 -0.9 -0.010724
-1.9 -0.9 -0.01192
-1.8 -0.9 -0.014706
-1.7 -0.9 -0.018375
-1.6 -0.9 -0.022127
-1.5 -0.9 -0.023292
-1.4 -0.9 -0.028929
-1.3 -0.9 -0.029408
-1.2 -0.9 -0.02892
-1.1 -0.9 -0.029522
-1 -0.9 -0.029749
-0.9 -0.9 -0.030769
-0.8 -0.9 -0.031454
-0.7 -0.9 -0.031466
-0.6 -0.9 -0.030141
-0.5 -0.9 -0.028972
-0.4 -0.9 -0.029737
-0.3 -0.9 -0.029005
-0.2 -0.9 -0.027986
-0.1 -0.9 -0.028053
0 -0.9 -0.02654
0.1 -0.9 -0.023434
0.2 -0.9 -0.01983
0.3 -0.9 -0.016862
0.4 -0.9 -0.013008
0.5 -0.9 -0.0099801
0.6 -0.9 -0.010219
0.7 -0.9 -0.011225
0.8 -0.9 -0.014165
0.9 -0.9 -0.016887
1 -0.9 -0.019409
1.1 -0.9 -0.022634
1.2 -0.9 -0.027596
1.3 -0.9 -0.030605
1.4 -0.9 -0.034059
1.5 -0.9 -0.038139
1.6 -0.9 -0.042875
1.7 -0.9 -0.045924
1.8 -0.9 -0.049903
1.9 -0.9 -0.052805
2 -0.9 -0.055471
-2 -0.8 -0.010454
-1.9 -0.8 -0.012775
-1.8 -0.8 -0.014061
-1.7 -0.8 -0.017037
-1.6 -0.8 -0.020014
-1.5 -0.8 -0.022644
-1.4 -0.8 -0.024449
-1.3 -0.8 -0.024916
-1.2 -0.8 -0.028913
-1.1 -0.8 -0.030218
-1 -0.8 -0.029865
-0.9 -0.8 -0.029824
-0.8 -0.8 -0.029885
-0.7 -0.8 -0.028507
-0.6 -0.8 -0.027017
-0.5 -0.8 -0.028123
-0.4 -0.8 -0.028873
-0.3 -0.8 -0.028464
-0.2 -0.8 -0.028116
-0.1 -0.8 -0.028491
0 -0.8 -0.027697
0.1 -0.8 -0.025133
0.2 -0.8 -0.022227
0.3 -0.8 -0.019097
0.4 -0.8 -0.015002
0.5 -0.8 -0.011627
0.6 -0.8 -0.011532
0.7 -0.8 -0.013211
0.8 -0.8 -0.015712
0.9 -0.8 -0.018566
1 -0.8 -0.021825
1.1 -0.8 -0.025951
1.2 -0.8 -0.030074
1.3 -0.8 -0.032618
1.4 -0.8 -0.035206
1.5 -0.8 -0.038575
1.6 -0.8 -0.042754
1.7 -0.8 -0.047876
1.8 -0.8 -0.051679
1.9 -0.8 -0.053184
2 -0.8 -0.056167
-2 -0.7 -0.011103
-1.9 -0.7 -0.012869
-1.8 -0.7 -0.012934
-1.7 -0.7 -0.013994
-1.6 -0.7 -0.019008
-1.5 -0.7 -0.019641
-1.4 -0.7 -0.020485
-1.3 -0.7 -0.020209
-1.2 -0.7 -0.023396
-1.1 -0.7 -0.024868
-1 -0.7 -0.028904
-0.9 -0.7 -0.028311
-0.8 -0.7 -0.028162
-0.7 -0.7 -0.026376
-0.6 -0.7 -0.025092
-0.5 -0.7 -0.025454
-0.4 -0.7 -0.025848
-0.3 -0.7 -0.026144
-0.2 -0.7 -0.027072
-0.1 -0.7 -0.028421
0 -0.7 -0.028273
0.1 -0.7 -0.025772
0.2 -0.7 -0.02226
0.3 -0.7 -0.019185
0.4 -0.7 -0.014818
0.5 -0.7 -0.01157
0.6 -0.7 -0.012493
0.7 -0.7 -0.013841
0.8 -0.7 -0.016171
0.9 -0.7 -0.019028
1 -0.7 -0.023164
1.1 -0.7 -0.026714
1.2 -0.7 -0.029898
1.3 -0.7 -0.032353
1.4 -0.7 -0.035061
1.5 -0.7 -0.038533
1.6 -0.7 -0.042347
1.7 -0.7 -0.04677
1.8 -0.7 -0.052501
1.9 -0.7 -0.055613
2 -0.7 -0.056295
-2 -0.6 -0.0097882
-1.9 -0.6 -0.011558
-1.8 -0.6 -0.012035
-1.7 -0.6 -0.012225
-1.6 -0.6 -0.017632
-1.5 -0.6 -0.018404
-1.4 -0.6 -0.01888
-1.3 -0.6 -0.019519
-1.2 -0.6 -0.020257
-1.1 -0.6 -0.020932
-1 -0.6 -0.021592
-0.9 -0.6 -0.021733
-0.8 -0.6 -0.02589
-0.7 -0.6 -0.025065
-0.6 -0.6 -0.024181
-0.5 -0.6 -0.024164
-0.4 -0.6 -0.024424
-0.3 -0.6 -0.024261
-0.2 -0.6 -0.023796
-0.1 -0.6 -0.025063
0 -0.6 -0.025731
0.1 -0.6 -0.023885
0.2 -0.6 -0.021419
0.3 -0.6 -0.018317
0.4 -0.6 -0.014448
0.5 -0.6 -0.010989
0.6 -0.6 -0.011581
0.7 -0.6 -0.012824
0.8 -0.6 -0.015065
0.9 -0.6 -0.017659
1 -0.6 -0.020869
1.1 -0.6 -0.024375
1.2 -0.6 -0.026727
1.3 -0.6 -0.029253
1.4 -0.6 -0.031493
1.5 -0.6 -0.034741
1.6 -0.6 -0.038857
1.7 -0.6 -0.042454
1.8 -0.6 -0.04854
1.9 -0.6 -0.051499
2 -0.6 -0.052056
-2 -0.5 -0.0083965
-1.9 -0.5 -0.009457
-1.8 -0.5 -0.0097057
-1.7 -0.5 -0.010868
-1.6 -0.5 -0.015657
-1.5 -0.5 -0.017018
-1.4 -0.5 -0.017834
-1.3 -0.5 -0.018378
-1.2 -0.5 -0.019307
-1.1 -0.5 -0.019998
-1 -0.5 -0.018837
-0.9 -0.5 -0.017389
-0.8 -0.5 -0.016535
-0.7 -0.5 -0.016946
-0.6 -0.5 -0.021003
-0.5 -0.5 -0.021047
-0.4 -0.5 -0.020946
-0.3 -0.5 -0.020233
-0.2 -0.5 -0.020068
-0.1 -0.5 -0.020214
0 -0.5 -0.019813
0.1 -0.5 -0.016932
0.2 -0.5 -0.015873
0.3 -0.5 -0.013428
0.4 -0.5 -0.01203
0.5 -0.5 -0.0082503
0.6 -0.5 -0.0075955
0.7 -0.5 -0.0087276
0.8 -0.5 -0.010295
0.9 -0.5 -0.013214
1 -0.5 -0.015723
1.1 -0.5 -0.019315
1.2 -0.5 -0.02195
1.3 -0.5 -0.024551
1.4 -0.5 -0.027353
1.5 -0.5 -0.030676
1.6 -0.5 -0.033941
1.7 -0.5 -0.038188
1.8 -0.5 -0.044386
1.9 -0.5 -0.048399
2 -0.5 -0.049117
-2 -0.4 -0.0030238
-1.9 -0.4 -0.0037844
-1.8 -0.4 -0.0050591
-1.7 -0.4 -0.0061357
-1.6 -0.4 -0.0084463
-1.5 -0.4 -0.012055
-1.4 -0.4 -0.01343
-1.3 -0.4 -0.013971
-1.2 -0.4 -0.014997
-1.1 -0.4 -0.015373
-1 -0.4 -0.014673
-0.9 -0.4 -0.013816
-0.8 -0.4 -0.013204
-0.7 -0.4 -0.012281
-0.6 -0.4 -0.010956
-0.5 -0.4 -0.010167
-0.4 -0.4 -0.015542
-0.3 -0.4 -0.016763
-0.2 -0.4 -0.016935
-0.1 -0.4 -0.017007
0 -0.4 -0.016265
0.1 -0.4 -0.013307
0.2 -0.4 -0.012367
0.3 -0.4 -0.0093781
0.4 -0.4 -0.0068758
0.5 -0.4 -0.0043833
0.6 -0.4 -0.0044954
0.7 -0.4 -0.0053799
0.8 -0.4 -0.0074352
0.9 -0.4 -0.0094717
1 -0.4 -0.011519
1.1 -0.4 -0.015309
1.2 -0.4 -0.017973
1.3 -0.4 -0.020217
1.4 -0.4 -0.023678
1.5 -0.4 -0.027033
1.6 -0.4 -0.030249
1.7 -0.4 -0.034507
1.8 -0.4 -0.040857
1.9 -0.4 -0.045099
2 -0.4 -0.046675
-2 -0.3 0.0023011
-1.9 -0.3 0.0011726
-1.8 -0.3 -0.00076279
-1.7 -0.3 -0.0023496
-1.6 -0.3 -0.0042847
-1.5 -0.3 -0.0084117
-1.4 -0.3 -0.0099089
-1.3 -0.3 -0.010458
-1.2 -0.3 -0.011505
-1.1 -0.3 -0.012509
-1 -0.3 -0.012425
-0.9 -0.3 -0.012076
-0.8 -0.3 -0.011888
-0.7 -0.3 -0.0115
-0.6 -0.3 -0.0095441
-0.5 -0.3 -0.0083118
-0.4 -0.3 -0.0080193
-0.3 -0.3 -0.0076831
-0.2 -0.3 -0.0084312
-0.1 -0.3 -0.012677
0 -0.3 -0.012161
0.1 -0.3 -0.0090534
0.2 -0.3 -0.0088331
0.3 -0.3 -0.007104
0.4 -0.3 -0.0041457
0.5 -0.3 -0.0019692
0.6 -0.3 -0.00055509
0.7 -0.3 -0.0019224
0.8 -0.3 -0.0032133
0.9 -0.3 -0.0061283
1 -0.3 -0.0081287
1.1 -0.3 -0.011857
1.2 -0.3 -0.014634
1.3 -0.3 -0.016266
1.4 -0.3 -0.019854
1.5 -0.3 -0.023438
1.6 -0.3 -0.027335
1.7 -0.3 -0.030775
1.8 -0.3 -0.036305
1.9 -0.3 -0.041313
2 -0.3 -0.043781
-2 -0.2 0.0089601
-1.9 -0.2 0.0069759
-1.8 -0.2 0.0044557
-1.7 -0.2 0.0027612
-1.6 -0.2 0.00018852
-1.5 -0.2 -0.0043923
-1.4 -0.2 -0.0052976
-1.3 -0.2 -0.0067283
-1.2 -0.2 -0.0081811
-1.1 -0.2 -0.010559
-1 -0.2 -0.011057
-0.9 -0.2 -0.010326
-0.8 -0.2 -0.010386
-0.7 -0.2 -0.0097685
-0.6 -0.2 -0.0074531
-0.5 -0.2 -0.0065679
-0.4 -0.2 -0.0059573
-0.3 -0.2 -0.0050948
-0.2 -0.2 -0.0041302
-0.1 -0.2 -0.0033835
0 -0.2 -0.003454
0.1 -0.2 -0.0037667
0.2 -0.2 -0.0054194
0.3 -0.2 -0.0060649
0.4 -0.2 -0.0026033
0.5 -0.2 0.00032128
0.6 -0.2 0.00064904
0.7 -0.2 0.0015963
0.8 -0.2 0.0017341
0.9 -0.2 -0.00021617
1 -0.2 -0.0022589
1.1 -0.2 -0.0065865
1.2 -0.2 -0.010703
1.3 -0.2 -0.013216
1.4 -0.2 -0.016592
1.5 -0.2 -0.019982
1.6 -0.2 -0.023049
1.7 -0.2 -0.026806
1.8 -0.2 -0.031888
1.9 -0.2 -0.037546
2 -0.2 -0.041043
-2 -0.1 0.017973
-1.9 -0.1 0.016196
-1.8 -0.1 0.011252
-1.7 -0.1 0.0089989
-1.6 -0.1 0.0055427
-1.5 -0.1 0.0029563
-1.4 -0.1 -0.00044037
-1.3 -0.1 -0.0020309
-1.2 -0.1 -0.0044875
-1.1 -0.1 -0.0070929
-1 -0.1 -0.0081115
-0.9 -0.1 -0.0079539
-0.8 -0.1 -0.0077321
-0.7 -0.1 -0.0073276
-0.6 -0.1 -0.0052616
-0.5 -0.1 -0.0037408
-0.4 -0.1 -0.0028377
-0.3 -0.1 -0.0020114
-0.2 -0.1 -0.0014911
-0.1 -0.1 -0.0010931
0 -0.1 -0.00048046
0.1 -0.1 0.0023466
0.2 -0.1 0.0017649
0.3 -0.1 -0.0022899
0.4 -0.1 0.0010505
0.5 -0.1 0.0025739
0.6 -0.1 0.0030959
0.7 -0.1 0.00495
0.8 -0.1 0.0057437
0.9 -0.1 0.0047276
1 -0.1 0.0033473
1.1 -0.1 -0.00097864
1.2 -0.1 -0.0042196
1.3 -0.1 -0.0073743
1.4 -0.1 -0.011341
1.5 -0.1 -0.015513
1.6 -0.1 -0.018715
1.7 -0.1 -0.023206
1.8 -0.1 -0.028214
1.9 -0.1 -0.03239
2 -0.1 -0.035157
-2 0 0.022083
-1.9 0 0.021219
-1.8 0 0.018627
-1.7 0 0.016926
-1.6 0 0.014633
-1.5 0 0.011357
-1.4 0 0.0077926
-1.3 0 0.0052684
-1.2 0 0.0028339
-1.1 0 0.00015438
-1 0 -0.0031902
-0.9 0 -0.0046407
-0.8 0 -0.003924
-0.7 0 -0.0036622
-0.6 0 -0.0029426
-0.5 0 -0.0014252
-0.4 0 6.436e-05
-0.3 0 0.00078564
-0.2 0 0.0012308
-0.1 0 0.0014844
0 0 0.0020596
0.1 0 0.0037378
0.2 0 0.0043275
0.3 0 0.0038109
0.4 0 0.0077182
0.5 0 0.0080684
0.6 0 0.0097039
0.7 0 0.01056
0.8 0 0.0098946
0.9 0 0.0091044
1 0 0.0077258
1.1 0 0.0035623
1.2 0 0.00099435
1.3 0 -0.0021189
1.4 0 -0.0059924
1.5 0 -0.007887
1.6 0 -0.011066
1.7 0 -0.017386
1.8 0 -0.02244
1.9 0 -0.027619
2 0 -0.030844
-2 0.1 0.027347
-1.9 0.1 0.025942
-1.8 0.1 0.024766
-1.7 0.1 0.020944
-1.6 0.1 0.018777
-1.5 0.1 0.016614
-1.4 0.1 0.013916
-1.3 0.1 0.0088304
-1.2 0.1 0.0061825
-1.1 0.1 0.0036471
-1 0.1 0.0016497
-0.9 0.1 0.00066516
-0.8 0.1 0.0015312
-0.7 0.1 0.0022638
-0.6 0.1 0.0021203
-0.5 0.1 0.0046471
-0.4 0.1 0.006587
-0.3 0.1 0.007263
-0.2 0.1 0.0070208
-0.1 0.1 0.0058941
0 0.1 0.004498
0.1 0.1 0.0054456
0.2 0.1 0.0059588
0.3 0.1 0.0060944
0.4 0.1 0.0090656
0.5 0.1 0.014996
0.6 0.1 0.016065
0.7 0.1 0.014371
0.8 0.1 0.015579
0.9 0.1 0.016239
1 0.1 0.013654
1.1 0.1 0.010817
1.2 0.1 0.008436
1.3 0.1 0.005545
1.4 0.1 0.0026637
1.5 0.1 -0.0010347
1.6 0.1 -0.0048305
1.7 0.1 -0.010143
1.8 0.1 -0.01595
1.9 0.1 -0.021566
2 0.1 -0.026608
-2 0.2 0.03008
-1.9 0.2 0.029481
-1.8 0.2 0.028486
-1.7 0.2 0.026033
-1.6 0.2 0.023595
-1.5 0.2 0.021547
-1.4 0.2 0.018437
-1.3 0.2 0.013379
-1.2 0.2 0.010147
-1.1 0.2 0.0069966
-1 0.2 0.0042119
-0.9 0.2 0.0023444
-0.8 0.2 0.0024278
-0.7 0.2 0.0029657
-0.6 0.2 0.0033898
-0.5 0.2 0.0056392
-0.4 0.2 0.0072202
-0.3 0.2 0.0081509
-0.2 0.2 0.0083558
-0.1 0.2 0.0090165
0 0.2 0.0087343
0.1 0.2 0.0094251
0.2 0.2 0.010449
0.3 0.2 0.010694
0.4 0.2 0.014364
0.5 0.2 0.021565
0.6 0.2 0.024448
0.7 0.2 0.026254
0.8 0.2 0.02763
0.9 0.2 0.02408
1 0.2 0.022902
1.1 0.2 0.01936
1.2 0.2 0.0166
1.3 0.2 0.0122
1.4 0.2 0.0089446
1.5 0.2 0.0050628
1.6 0.2 0.0012357
1.7 0.2 -0.0043433
1.8 0.2 -0.010026
1.9 0.2 -0.015308
2 0.2 -0.019611
-2 0.3 0.033125
-1.9 0.3 0.031664
-1.8 0.3 0.030501
-1.7 0.3 0.028662
-1.6 0.3 0.026169
-1.5 0.3 0.024563
-1.4 0.3 0.021751
-1.3 0.3 0.016723
-1.2 0.3 0.014149
-1.1 0.3 0.010825
-1 0.3 0.0078708
-0.9 0.3 0.0051862
-0.8 0.3 0.0041091
-0.7 0.3 0.0047745
-0.6 0.3 0.0053546
-0.5 0.3 0.007436
-0.4 0.3 0.0087055
-0.3 0.3 0.0092809
-0.2 0.3 0.0099997
-0.1 0.3 0.010686
0 0.3 0.010419
0.1 0.3 0.010768
0.2 0.3 0.013256
0.3 0.3 0.015719
0.4 0.3 0.019897
0.5 0.3 0.027052
0.6 0.3 0.030242
0.7 0.3 0.031764
0.8 0.3 0.034011
0.9 0.3 0.034823
1 0.3 0.03405
1.1 0.3 0.027376
1.2 0.3 0.025068
1.3 0.3 0.023062
1.4 0.3 0.020763
1.5 0.3 0.017683
1.6 0.3 0.0092023
1.7 0.3 0.0024899
1.8 0.3 -0.0045858
1.9 0.3 -0.010585
2 0.3 -0.015256
-2 0.4 0.036249
-1.9 0.4 0.034247
-1.8 0.4 0.032951
-1.7 0.4 0.031453
-1.6 0.4 0.028254
-1.5 0.4 0.025501
-1.4 0.4 0.022685
-1.3 0.4 0.020372
-1.2 0.4 0.016102
-1.1 0.4 0.013108
-1 0.4 0.010908
-0.9 0.4 0.0085168
-0.8 0.4 0.007295
-0.7 0.4 0.0074946
-0.6 0.4 0.0078773
-0.5 0.4 0.0094329
-0.4 0.4 0.011249
-0.3 0.4 0.011604
-0.2 0.4 0.014264
-0.1 0.4 0.015501
0 0.4 0.014912
0.1 0.4 0.015373
0.2 0.4 0.01735
0.3 0.4 0.019577
0.4 0.4 0.023244
0.5 0.4 0.028871
0.6 0.4 0.032041
0.7 0.4 0.03334
0.8 0.4 0.035434
0.9 0.4 0.036634
1 0.4 0.03608
1.1 0.4 0.034846
1.2 0.4 0.032623
1.3 0.4 0.026404
1.4 0.4 0.023815
1.5 0.4 0.020383
1.6 0.4 0.016539
1.7 0.4 0.010983
1.8 0.4 0.0043845
1.9 0.4 -0.0021206
2 0.4 -0.0083681
-2 0.5 0.038377
-1.9 0.5 0.037245
-1.8 0.5 0.035247
-1.7 0.5 0.033643
-1.6 0.5 0.029975
-1.5 0.5 0.028755
-1.4 0.5 0.024955
-1.3 0.5 0.022364
-1.2 0.5 0.017234
-1.1 0.5 0.014462
-1 0.5 0.012838
-0.9 0.5 0.010033
-0.8 0.5 0.0092914
-0.7 0.5 0.0095985
-0.6 0.5 0.012304
-0.5 0.5 0.013377
-0.4 0.5 0.014796
-0.3 0.5 0.015802
-0.2 0.5 0.016676
-0.1 0.5 0.017242
0 0.5 0.016675
0.1 0.5 0.01754
0.2 0.5 0.020465
0.3 0.5 0.021962
0.4 0.5 0.025319
0.5 0.5 0.030934
0.6 0.5 0.034038
0.7 0.5 0.035327
0.8 0.5 0.037172
0.9 0.5 0.038291
1 0.5 0.037921
1.1 0.5 0.037084
1.2 0.5 0.03522
1.3 0.5 0.032594
1.4 0.5 0.03009
1.5 0.5 0.022249
1.6 0.5 0.018456
1.7 0.5 0.013837
1.8 0.5 0.0084025
1.9 0.5 0.0031352
2 0.5 -0.0018872
-2 0.6 0.040692
-1.9 0.6 0.039226
-1.8 0.6 0.036079
-1.7 0.6 0.033581
-1.6 0.6 0.030637
-1.5 0.6 0.028877
-1.4 0.6 0.025732
-1.3 0.6 0.02339
-1.2 0.6 0.018237
-1.1 0.6 0.016869
-1 0.6 0.015546
-0.9 0.6 0.013785
-0.8 0.6 0.012735
-0.7 0.6 0.011967
-0.6 0.6 0.012109
-0.5 0.6 0.013805
-0.4 0.6 0.015455
-0.3 0.6 0.016641
-0.2 0.6 0.01878
-0.1 0.6 0.020241
0 0.6 0.019772
0.1 0.6 0.020628
0.2 0.6 0.023691
0.3 0.6 0.025584
0.4 0.6 0.028251
0.5 0.6 0.033067
0.6 0.6 0.03762
0.7 0.6 0.039216
0.8 0.6 0.040797
0.9 0.6 0.042088
1 0.6 0.041965
1.1 0.6 0.040783
1.2 0.6 0.03874
1.3 0.6 0.036411
1.4 0.6 0.033932
1.5 0.6 0.030413
1.6 0.6 0.027117
1.7 0.6 0.018276
1.8 0.6 0.012345
1.9 0.6 0.0069633
2 0.6 0.0014342
-2 0.7 0.041331
-1.9 0.7 0.040297
-1.8 0.7 0.037734
-1.7 0.7 0.034747
-1.6 0.7 0.032295
-1.5 0.7 0.031073
-1.4 0.7 0.02923
-1.3 0.7 0.027544
-1.2 0.7 0.025545
-1.1 0.7 0.021059
-1 0.7 0.018221
-0.9 0.7 0.015411
-0.8 0.7 0.013876
-0.7 0.7 0.012349
-0.6 0.7 0.012264
-0.5 0.7 0.014097
-0.4 0.7 0.016318
-0.3 0.7 0.018485
-0.2 0.7 0.019969
-0.1 0.7 0.021171
0 0.7 0.022725
0.1 0.7 0.023918
0.2 0.7 0.027181
0.3 0.7 0.029666
0.4 0.7 0.031633
0.5 0.7 0.035857
0.6 0.7 0.038989
0.7 0.7 0.041339
0.8 0.7 0.041922
0.9 0.7 0.043472
1 0.7 0.042171
1.1 0.7 0.040612
1.2 0.7 0.039103
1.3 0.7 0.03678
1.4 0.7 0.034599
1.5 0.7 0.031518
1.6 0.7 0.029027
1.7 0.7 0.024132
1.8 0.7 0.018794
1.9 0.7 0.0082649
2 0.7 0.0030295
-2 0.8 0.043999
-1.9 0.8 0.043351
-1.8 0.8 0.042479
-1.7 0.8 0.039067
-1.6 0.8 0.035723
-1.5 0.8 0.032612
-1.4 0.8 0.030042
-1.3 0.8 0.026562
-1.2 0.8 0.023041
-1.1 0.8 0.019385
-1 0.8 0.018031
-0.9 0.8 0.015266
-0.8 0.8 0.012808
-0.7 0.8 0.011072
-0.6 0.8 0.010876
-0.5 0.8 0.012439
-0.4 0.8 0.015005
-0.3 0.8 0.016693
-0.2 0.8 0.016953
-0.1 0.8 0.019164
0 0.8 0.020709
0.1 0.8 0.02204
0.2 0.8 0.025495
0.3 0.8 0.028494
0.4 0.8 0.030963
0.5 0.8 0.035537
0.6 0.8 0.039026
0.7 0.8 0.04104
0.8 0.8 0.042145
0.9 0.8 0.043686
1 0.8 0.042336
1.1 0.8 0.041077
1.2 0.8 0.039618
1.3 0.8 0.03768
1.4 0.8 0.035762
1.5 0.8 0.033339
1.6 0.8 0.030694
1.7 0.8 0.02591
1.8 0.8 0.021129
1.9 0.8 0.015057
2 0.8 0.0092907
-2 0.9 0.046719
-1.9 0.9 0.044767
-1.8 0.9 0.043709
-1.7 0.9 0.040614
-1.6 0.9 0.037233
-1.5 0.9 0.033463
-1.4 0.9 0.0294
-1.3 0.9 0.025385
-1.2 0.9 0.021506
-1.1 0.9 0.017515
-1 0.9 0.01247
-0.9 0.9 0.011118
-0.8 0.9 0.010333
-0.7 0.9 0.0094363
-0.6 0.9 0.0081034
-0.5 0.9 0.0085591
-0.4 0.9 0.010516
-0.3 0.9 0.012675
-0.2 0.9 0.014622
-0.1 0.9 0.017022
0 0.9 0.018574
0.1 0.9 0.020265
0.2 0.9 0.02394
0.3 0.9 0.026542
0.4 0.9 0.028725
0.5 0.9 0.032571
0.6 0.9 0.035798
0.7 0.9 0.038907
0.8 0.9 0.040958
0.9 0.9 0.042658
1 0.9 0.04155
1.1 0.9 0.040958
1.2 0.9 0.039454
1.3 0.9 0.038433
1.4 0.9 0.037269
1.5 0.9 0.034598
1.6 0.9 0.03185
1.7 0.9 0.026968
1.8 0.9 0.02184
1.9 0.9 0.01743
2 0.9 0.011679
-2 1 0.043036
-1.9 1 0.042717
-1.8 1 0.042648
-1.7 1 0.040165
-1.6 1 0.034809
-1.5 1 0.032273
-1.4 1 0.028186
-1.3 1 0.023559
-1.2 1 0.018841
-1.1 1 0.014914
-1 1 0.0095056
-0.9 1 0.0067674
-0.8 1 0.0047222
-0.7 1 0.0041817
-0.6 1 0.0035609
-0.5 1 0.0037817
-0.4 1 0.0064326
-0.3 1 0.0081997
-0.2 1 0.010756
-0.1 1 0.013604
0 1 0.016015
0.1 1 0.016919
0.2 1 0.019959
0.3 1 0.022981
0.4 1 0.025102
0.5 1 0.029341
0.6 1 0.032859
0.7 1 0.035789
0.8 1 0.038599
0.9 1 0.040242
1 1 0.039605
1.1 1 0.039805
1.2 1 0.03941
1.3 1 0.03861
1.4 1 0.037406
1.5 1 0.034827
1.6 1 0.031644
1.7 1 0.027586
1.8 1 0.022979
1.9 1 0.019318
2 1 0.012292
-2 1.1 0.039584
-1.9 1.1 0.039187
-1.8 1.1 0.037104
-1.7 1.1 0.034755
-1.6 1.1 0.03194
-1.5 1.1 0.029678
-1.4 1.1 0.025585
-1.3 1.1 0.019782
-1.2 1.1 0.015318
-1.1 1.1 0.012153
-1 1.1 0.0057149
-0.9 1.1 0.0032912
-0.8 1.1 0.00028777
-0.7 1.1 -0.0011974
-0.6 1.1 -0.0015931
-0.5 1.1 -0.0011687
-0.4 1.1 -0.00056213
-0.3 1.1 0.0029404
-0.2 1.1 0.0059591
-0.1 1.1 0.0092245
0 1.1 0.010444
0.1 1.1 0.011577
0.2 1.1 0.015155
0.3 1.1 0.018952
0.4 1.1 0.021531
0.5 1.1 0.026849
0.6 1.1 0.029707
0.7 1.1 0.033156
0.8 1.1 0.035889
0.9 1.1 0.037403
1 1.1 0.037184
1.1 1.1 0.037385
1.2 1.1 0.037458
1.3 1.1 0.03584
1.4 1.1 0.034412
1.5 1.1 0.032253
1.6 1.1 0.029124
1.7 1.1 0.025776
1.8 1.1 0.020271
1.9 1.1 0.01643
2 1.1 0.010036
-2 1.2 0.036144
-1.9 1.2 0.03507
-1.8 1.2 0.033716
-1.7 1.2 0.031092
-1.6 1.2 0.028647
-1.5 1.2 0.024678
-1.4 1.2 0.019722
-1.3 1.2 0.01325
-1.2 1.2 0.0094227
-1.1 1.2 0.0080833
-1 1.2 0.0041943
-0.9 1.2 -0.0015667
-0.8 1.2 -0.0038877
-0.7 1.2 -0.0055459
-0.6 1.2 -0.0069361
-0.5 1.2 -0.007891
-0.4 1.2 -0.0066365
-0.3 1.2 -0.0037696
-0.2 1.2 -0.0015532
-0.1 1.2 0.00054518
0 1.2 0.0026265
0.1 1.2 0.00494
0.2 1.2 0.0091315
0.3 1.2 0.013063
0.4 1.2 0.016862
0.5 1.2 0.022313
0.6 1.2 0.024605
0.7 1.2 0.028499
0.8 1.2 0.030977
0.9 1.2 0.032884
1 1.2 0.033642
1.1 1.2 0.034376
1.2 1.2 0.034051
1.3 1.2 0.03234
1.4 1.2 0.030775
1.5 1.2 0.029277
1.6 1.2 0.025683
1.7 1.2 0.020921
1.8 1.2 0.01703
1.9 1.2 0.013913
2 1.2 0.0089521
-2 1.3 0.030936
-1.9 1.3 0.029797
-1.8 1.3 0.029038
-1.7 1.3 0.026475
-1.6 1.3 0.023384
-1.5 1.3 0.018144
-1.4 1.3 0.012242
-1.3 1.3 0.0059338
-1.2 1.3 0.0017092
-1.1 1.3 -0.001895
-1 1.3 -0.0049984
-0.9 1.3 -0.0087816
-0.8 1.3 -0.010464
-0.7 1.3 -0.013171
-0.6 1.3 -0.015058
-0.5 1.3 -0.01723
-0.4 1.3 -0.016455
-0.3 1.3 -0.01379
-0.2 1.3 -0.0085276
-0.1 1.3 -0.0055326
0 1.3 -0.0034693
0.1 1.3 -0.0012674
0.2 1.3 0.0024242
0.3 1.3 0.0069122
0.4 1.3 0.011113
0.5 1.3 0.017452
0.6 1.3 0.020406
0.7 1.3 0.024532
0.8 1.3 0.026696
0.9 1.3 0.030248
1 1.3 0.03113
1.1 1.3 0.031355
1.2 1.3 0.030102
1.3 1.3 0.028082
1.4 1.3 0.026547
1.5 1.3 0.023591
1.6 1.3 0.020629
1.7 1.3 0.01763
1.8 1.3 0.012974
1.9 1.3 0.0096654
2 1.3 0.0047099
-2 1.4 0.02625
-1.9 1.4 0.025201
-1.8 1.4 0.023299
-1.7 1.4 0.019729
-1.6 1.4 0.015104
-1.5 1.4 0.011199
-1.4 1.4 0.0062464
-1.3 1.4 -0.0012582
-1.2 1.4 -0.005303
-1.1 1.4 -0.0084673
-1 1.4 -0.012209
-0.9 1.4 -0.017052
-0.8 1.4 -0.021105
-0.7 1.4 -0.023814
-0.6 1.4 -0.02503
-0.5 1.4 -0.0245
-0.4 1.4 -0.024614
-0.3 1.4 -0.022495
-0.2 1.4 -0.018108
-0.1 1.4 -0.01377
0 1.4 -0.010238
0.1 1.4 -0.0073813
0.2 1.4 -0.0023351
0.3 1.4 0.0021382
0.4 1.4 0.0053703
0.5 1.4 0.010663
0.6 1.4 0.014092
0.7 1.4 0.01862
0.8 1.4 0.022175
0.9 1.4 0.025403
1 1.4 0.026376
1.1 1.4 0.027281
1.2 1.4 0.026161
1.3 1.4 0.023443
1.4 1.4 0.02099
1.5 1.4 0.018572
1.6 1.4 0.015375
1.7 1.4 0.012273
1.8 1.4 0.0082272
1.9 1.4 0.0051724
2 1.4 0.0015141
-2 1.5 0.022148
-1.9 1.5 0.020835
-1.8 1.5 0.019487
-1.7 1.5 0.014198
-1.6 1.5 0.0092165
-1.5 1.5 0.0043762
-1.4 1.5 -0.0011433
-1.3 1.5 -0.0069034
-1.2 1.5 -0.01124
-1.1 1.5 -0.014503
-1 1.5 -0.019266
-0.9 1.5 -0.022374
-0.8 1.5 -0.027642
-0.7 1.5 -0.030605
-0.6 1.5 -0.031997
-0.5 1.5 -0.032639
-0.4 1.5 -0.032876
-0.3 1.5 -0.030633
-0.2 1.5 -0.026522
-0.1 1.5 -0.021734
0 1.5 -0.018567
0.1 1.5 -0.015669
0.2 1.5 -0.010585
0.3 1.5 -0.0052921
0.4 1.5 -0.0023197
0.5 1.5 0.0027082
0.6 1.5 0.0054137
0.7 1.5 0.0093639
0.8 1.5 0.013464
0.9 1.5 0.01601
1 1.5 0.018736
1.1 1.5 0.021116
1.2 1.5 0.019858
1.3 1.5 0.017874
1.4 1.5 0.016697
1.5 1.5 0.014692
1.6 1.5 0.009796
1.7 1.5 0.0072549
1.8 1.5 0.0046627
1.9 1.5 0.0019423
2 1.5 -0.0013225
-2 1.6 0.017744
-1.9 1.6 0.016297
-1.8 1.6 0.013077
-1.7 1.6 0.0074969
-1.6 1.6 0.0033432
-1.5 1.6 -0.00019314
-1.4 1.6 -0.006484
-1.3 1.6 -0.012865
-1.2 1.6 -0.019404
-1.1 1.6 -0.023105
-1 1.6 -0.025405
-0.9 1.6 -0.028578
-0.8 1.6 -0.03338
-0.7 1.6 -0.034516
-0.6 1.6 -0.037499
-0.5 1.6 -0.037674
-0.4 1.6 -0.037658
-0.3 1.6 -0.036091
-0.2 1.6 -0.033703
-0.1 1.6 -0.030436
0 1.6 -0.027685
0.1 1.6 -0.024023
0.2 1.6 -0.018597
0.3 1.6 -0.01268
0.4 1.6 -0.0093692
0.5 1.6 -0.0041023
0.6 1.6 -0.00092208
0.7 1.6 0.0026592
0.8 1.6 0.0058376
0.9 1.6 0.0064629
1 1.6 0.0075579
1.1 1.6 0.010052
1.2 1.6 0.010487
1.3 1.6 0.010131
1.4 1.6 0.0082686
1.5 1.6 0.0066713
1.6 1.6 0.003213
1.7 1.6 0.00084413
1.8 1.6 -0.0015648
1.9 1.6 -0.0033072
2 1.6 -0.005259
-2 1.7 0.014067
-1.9 1.7 0.010427
-1.8 1.7 0.0070689
-1.7 1.7 0.0018928
-1.6 1.7 -0.0026418
-1.5 1.7 -0.006625
-1.4 1.7 -0.011983
-1.3 1.7 -0.018743
-1.2 1.7 -0.024874
-1.1 1.7 -0.029327
-1 1.7 -0.032775
-0.9 1.7 -0.035982
-0.8 1.7 -0.03727
-0.7 1.7 -0.039366
-0.6 1.7 -0.04088
-0.5 1.7 -0.041566
-0.4 1.7 -0.041829
-0.3 1.7 -0.04145
-0.2 1.7 -0.040056
-0.1 1.7 -0.037004
0 1.7 -0.03377
0.1 1.7 -0.031111
0.2 1.7 -0.027454
0.3 1.7 -0.021586
0.4 1.7 -0.017159
0.5 1.7 -0.010937
0.6 1.7 -0.0071965
0.7 1.7 -0.0049015
0.8 1.7 -0.0016713
0.9 1.7 -0.0017508
1 1.7 -0.00071906
1.1 1.7 0.0012029
1.2 1.7 0.00078629
1.3 1.7 -0.00013459
1.4 1.7 -0.0019198
1.5 1.7 -0.0027476
1.6 1.7 -0.0046009
1.7 1.7 -0.0069986
1.8 1.7 -0.0088833
1.9 1.7 -0.012192
2 1.7 -0.014951
-2 1.8 0.0076608
-1.9 1.8 0.0041686
-1.8 1.8 0.00011186
-1.7 1.8 -0.0053489
-1.6 1.8 -0.010155
-1.5 1.8 -0.013304
-1.4 1.8 -0.017911
-1.3 1.8 -0.025169
-1.2 1.8 -0.032323
-1.1 1.8 -0.036994
-1 1.8 -0.03994
-0.9 1.8 -0.041842
-0.8 1.8 -0.043941
-0.7 1.8 -0.047622
-0.6 1.8 -0.047981
-0.5 1.8 -0.049384
-0.4 1.8 -0.04807
-0.3 1.8 -0.047632
-0.2 1.8 -0.046483
-0.1 1.8 -0.043268
0 1.8 -0.039723
0.1 1.8 -0.037208
0.2 1.8 -0.035617
0.3 1.8 -0.030117
0.4 1.8 -0.027265
0.5 1.8 -0.021776
0.6 1.8 -0.019921
0.7 1.8 -0.01708
0.8 1.8 -0.012159
0.9 1.8 -0.010048
1 1.8 -0.009338
1.1 1.8 -0.0084975
1.2 1.8 -0.0094688
1.3 1.8 -0.010211
1.4 1.8 -0.013126
1.5 1.8 -0.01438
1.6 1.8 -0.017132
1.7 1.8 -0.018045
1.8 1.8 -0.019205
1.9 1.8 -0.019806
2 1.8 -0.021349
-2 1.9 0.0012701
-1.9 1.9 -0.003036
-1.8 1.9 -0.0070133
-1.7 1.9 -0.01176
-1.6 1.9 -0.015562
-1.5 1.9 -0.019413
-1.4 1.9 -0.023496
-1.3 1.9 -0.029143
-1.2 1.9 -0.037667
-1.1 1.9 -0.043601
-1 1.9 -0.04861
-0.9 1.9 -0.050971
-0.8 1.9 -0.052376
-0.7 1.9 -0.05403
-0.6 1.9 -0.054194
-0.5 1.9 -0.054263
-0.4 1.9 -0.055413
-0.3 1.9 -0.054812
-0.2 1.9 -0.052787
-0.1 1.9 -0.050549
0 1.9 -0.047766
0.1 1.9 -0.044914
0.2 1.9 -0.043131
0.3 1.9 -0.037217
0.4 1.9 -0.034622
0.5 1.9 -0.030156
0.6 1.9 -0.027894
0.7 1.9 -0.026443
0.8 1.9 -0.022639
0.9 1.9 -0.023119
1 1.9 -0.022976
1.1 1.9 -0.021789
1.2 1.9 -0.019143
1.3 1.9 -0.020095
1.4 1.9 -0.021727
1.5 1.9 -0.022797
1.6 1.9 -0.024611
1.7 1.9 -0.025481
1.8 1.9 -0.02624
1.9 1.9 -0.026014
2 1.9 -0.027448
-2 2 -0.004548
-1.9 2 -0.008761
-1.8 2 -0.012529
-1.7 2 -0.016907
-1.6 2 -0.020218
-1.5 2 -0.024519
-1.4 2 -0.029401
-1.3 2 -0.034712
-1.2 2 -0.043168
-1.1 2 -0.049484
-1 2 -0.052614
-0.9 2 -0.056268
-0.8 2 -0.058497
-0.7 2 -0.059397
-0.6 2 -0.061883
-0.5 2 -0.062162
-0.4 2 -0.062596
-0.3 2 -0.061884
-0.2 2 -0.060888
-0.1 2 -0.058676
0 2 -0.056474
0.1 2 -0.052315
0.2 2 -0.049862
0.3 2 -0.045099
0.4 2 -0.043735
0.5 2 -0.03977
0.6 2 -0.038754
0.7 2 -0.037359
0.8 2 -0.035424
0.9 2 -0.033814
1 2 -0.032714
1.1 2 -0.031446
1.2 2 -0.029174
1.3 2 -0.028888
1.4 2 -0.030147
1.5 2 -0.030152
1.6 2 -0.030972
1.7 2 -0.031838
1.8 2 -0.032907
1.9 2 -0.032921
2 2 -0.033528
