-2 -2 0.050914
-1.9 -2 0.05025
-1.8 -2 0.0495
-1.7 -2 0.048682
-1.6 -2 0.047707
-1.5 -2 0.046921
-1.4 -2 0.046036
-1.3 -2 0.044972
-1.2 -2 0.043979
-1.1 -2 0.042965
-1 -2 0.041693
-0.9 -2 0.040725
-0.8 -2 0.039339
-0.7 -2 0.038219
-0.6 -2 0.036919
-0.5 -2 0.035719
-0.4 -2 0.034368
-0.3 -2 0.032952
-0.2 -2 0.031359
-0.1 -2 0.030083
0 -2 0.028309
0.1 -2 0.027053
0.2 -2 0.025324
0.3 -2 0.023919
0.4 -2 0.022279
0.5 -2 0.020628
0.6 -2 0.018847
0.7 -2 0.017345
0.8 -2 0.015956
0.9 -2 0.014389
1 -2 0.012817
1.1 -2 0.011569
1.2 -2 0.010181
1.3 -2 0.0085279
1.4 -2 0.0070966
1.5 -2 0.0058466
1.6 -2 0.0045907
1.7 -2 0.0034367
1.8 -2 0.0022709
1.9 -2 0.00091271
2 -2 -0.00052394
-2 -1.9 0.050439
-1.9 -1.9 0.049763
-1.8 -1.9 0.048988
-1.7 -1.9 0.048106
-1.6 -1.9 0.047116
-1.5 -1.9 0.046272
-1.4 -1.9 0.045413
-1.3 -1.9 0.044255
-1.2 -1.9 0.043319
-1.1 -1.9 0.042301
-1 -1.9 0.04104
-0.9 -1.9 0.039762
-0.8 -1.9 0.038517
-0.7 -1.9 0.037168
-0.6 -1.9 0.035797
-0.5 -1.9 0.034543
-0.4 -1.9 0.033452
-0.3 -1.9 0.03227
-0.2 -1.9 0.030662
-0.1 -1.9 0.029314
0 -1.9 0.0275
0.1 -1.9 0.025974
0.2 -1.9 0.024363
0.3 -1.9 0.023004
0.4 -1.9 0.021338
0.5 -1.9 0.01942
0.6 -1.9 0.017862
0.7 -1.9 0.016257
0.8 -1.9 0.014801
0.9 -1.9 0.013181
1 -1.9 0.011597
1.1 -1.9 0.010248
1.2 -1.9 0.0087231
1.3 -1.9 0.00714
1.4 -1.9 0.0057467
1.5 -1.9 0.0045784
1.6 -1.9 0.0034153
1.7 -1.9 0.0021507
1.8 -1.9 0.0008243
1.9 -1.9 -0.00049983
2 -1.9 -0.0016605
-2 -1.8 0.049855
-1.9 -1.8 0.04918
-1.8 -1.8 0.048371
-1.7 -1.8 0.047537
-1.6 -1.8 0.046472
-1.5 -1.8 0.045646
-1.4 -1.8 0.044636
-1.3 -1.8 0.043548
-1.2 -1.8 0.042525
-1.1 -1.8 0.041399
-1 -1.8 0.03994
-0.9 -1.8 0.038748
-0.8 -1.8 0.037347
-0.7 -1.8 0.036042
-0.6 -1.8 0.034746
-0.5 -1.8 0.033736
-0.4 -1.8 0.032597
-0.3 -1.8 0.031367
-0.2 -1.8 0.029871
-0.1 -1.8 0.02829
0 -1.8 0.026482
0.1 -1.8 0.024965
0.2 -1.8 0.023279
0.3 -1.8 0.021894
0.4 -1.8 0.020116
0.5 -1.8 0.018146
0.6 -1.8 0.016272
0.7 -1.8 0.01494
0.8 -1.8 0.013457
0.9 -1.8 0.011823
1 -1.8 0.010272
1.1 -1.8 0.0089901
1.2 -1.8 0.0074383
1.3 -1.8 0.0059651
1.4 -1.8 0.0046772
1.5 -1.8 0.0035864
1.6 -1.8 0.002127
1.7 -1.8 0.00093912
1.8 -1.8 -0.00026353
1.9 -1.8 -0.0017328
2 -1.8 -0.0029637
-2 -1.7 0.049243
-1.9 -1.7 0.048603
-1.8 -1.7 0.047811
-1.7 -1.7 0.046876
-1.6 -1.7 0.045855
-1.5 -1.7 0.044862
-1.4 -1.7 0.043674
-1.3 -1.7 0.042547
-1.2 -1.7 0.041455
-1.1 -1.7 0.040305
-1 -1.7 0.038951
-0.9 -1.7 0.037563
-0.8 -1.7 0.036197
-0.7 -1.7 0.034845
-0.6 -1.7 0.033753
-0.5 -1.7 0.032702
-0.4 -1.7 0.031545
-0.3 -1.7 0.030319
-0.2 -1.7 0.028952
-0.1 -1.7 0.027336
0 -1.7 0.025542
0.1 -1.7 0.02395
0.2 -1.7 0.022426
0.3 -1.7 0.020792
0.4 -1.7 0.019005
0.5 -1.7 0.01667
0.6 -1.7 0.015103
0.7 -1.7 0.013719
0.8 -1.7 0.01224
0.9 -1.7 0.010721
1 -1.7 0.0091973
1.1 -1.7 0.0077529
1.2 -1.7 0.0063462
1.3 -1.7 0.0048808
1.4 -1.7 0.0035875
1.5 -1.7 0.0021974
1.6 -1.7 0.00085859
1.7 -1.7 -0.00039409
1.8 -1.7 -0.0017821
1.9 -1.7 -0.0029524
2 -1.7 -0.0041648
-2 -1.6 0.048343
-1.9 -1.6 0.047713
-1.8 -1.6 0.046869
-1.7 -1.6 0.045856
-1.6 -1.6 0.044911
-1.5 -1.6 0.043757
-1.4 -1.6 0.04271
-1.3 -1.6 0.041665
-1.2 -1.6 0.040464
-1.1 -1.6 0.039253
-1 -1.6 0.037974
-0.9 -1.6 0.03643
-0.8 -1.6 0.035169
-0.7 -1.6 0.033802
-0.6 -1.6 0.032707
-0.5 -1.6 0.031748
-0.4 -1.6 0.030615
-0.3 -1.6 0.029414
-0.2 -1.6 0.028103
-0.1 -1.6 0.02643
0 -1.6 0.024548
0.1 -1.6 0.022923
0.2 -1.6 0.021334
0.3 -1.6 0.019494
0.4 -1.6 0.017499
0.5 -1.6 0.015377
0.6 -1.6 0.014008
0.7 -1.6 0.012517
0.8 -1.6 0.011125
0.9 -1.6 0.0095327
1 -1.6 0.0080472
1.1 -1.6 0.0066212
1.2 -1.6 0.0050213
1.3 -1.6 0.0034041
1.4 -1.6 0.0021703
1.5 -1.6 0.00088017
1.6 -1.6 -0.00041067
1.7 -1.6 -0.0017502
1.8 -1.6 -0.0029288
1.9 -1.6 -0.0041417
2 -1.6 -0.005449
-2 -1.5 0.047313
-1.9 -1.5 0.046608
-1.8 -1.5 0.045823
-1.7 -1.5 0.044913
-1.6 -1.5 0.04392
-1.5 -1.5 0.042706
-1.4 -1.5 0.041799
-1.3 -1.5 0.040637
-1.2 -1.5 0.039447
-1.1 -1.5 0.038239
-1 -1.5 0.03679
-0.9 -1.5 0.035355
-0.8 -1.5 0.034037
-0.7 -1.5 0.032742
-0.6 -1.5 0.0318
-0.5 -1.5 0.030748
-0.4 -1.5 0.029622
-0.3 -1.5 0.028444
-0.2 -1.5 0.026926
-0.1 -1.5 0.02512
0 -1.5 0.023277
0.1 -1.5 0.02156
0.2 -1.5 0.020104
0.3 -1.5 0.018254
0.4 -1.5 0.01592
0.5 -1.5 0.014217
0.6 -1.5 0.012709
0.7 -1.5 0.011396
0.8 -1.5 0.009776
0.9 -1.5 0.0081181
1 -1.5 0.0066093
1.1 -1.5 0.0050884
1.2 -1.5 0.0034953
1.3 -1.5 0.0021598
1.4 -1.5 0.00077253
1.5 -1.5 -0.00047183
1.6 -1.5 -0.0017244
1.7 -1.5 -0.0029554
1.8 -1.5 -0.0041712
1.9 -1.5 -0.0055609
2 -1.5 -0.0068546
-2 -1.4 0.046383
-1.9 -1.4 0.045621
-1.8 -1.4 0.044843
-1.7 -1.4 0.043912
-1.6 -1.4 0.04287
-1.5 -1.4 0.041711
-1.4 -1.4 0.040506
-1.3 -1.4 0.039503
-1.2 -1.4 0.03818
-1.1 -1.4 0.036972
-1 -1.4 0.035736
-0.9 -1.4 0.034372
-0.8 -1.4 0.033131
-0.7 -1.4 0.031836
-0.6 -1.4 0.030814
-0.5 -1.4 0.02969
-0.4 -1.4 0.028536
-0.3 -1.4 0.02721
-0.2 -1.4 0.025613
-0.1 -1.4 0.023832
0 -1.4 0.022149
0.1 -1.4 0.020277
0.2 -1.4 0.018703
0.3 -1.4 0.016865
0.4 -1.4 0.014655
0.5 -1.4 0.012819
0.6 -1.4 0.011284
0.7 -1.4 0.009903
0.8 -1.4 0.0083284
0.9 -1.4 0.0067492
1 -1.4 0.0050183
1.1 -1.4 0.0035995
1.2 -1.4 0.0021687
1.3 -1.4 0.00077843
1.4 -1.4 -0.00048126
1.5 -1.4 -0.0018088
1.6 -1.4 -0.0030252
1.7 -1.4 -0.0043348
1.8 -1.4 -0.0055502
1.9 -1.4 -0.0069345
2 -1.4 -0.0079725
-2 -1.3 0.045173
-1.9 -1.3 0.044464
-1.8 -1.3 0.043688
-1.7 -1.3 0.042815
-1.6 -1.3 0.041459
-1.5 -1.3 0.040282
-1.4 -1.3 0.03918
-1.3 -1.3 0.037973
-1.2 -1.3 0.036752
-1.1 -1.3 0.035577
-1 -1.3 0.034445
-0.9 -1.3 0.033166
-0.8 -1.3 0.032011
-0.7 -1.3 0.030708
-0.6 -1.3 0.029507
-0.5 -1.3 0.028442
-0.4 -1.3 0.027361
-0.3 -1.3 0.026066
-0.2 -1.3 0.024348
-0.1 -1.3 0.022715
0 -1.3 0.020777
0.1 -1.3 0.019033
0.2 -1.3 0.017289
0.3 -1.3 0.015455
0.4 -1.3 0.013341
0.5 -1.3 0.011581
0.6 -1.3 0.0099198
0.7 -1.3 0.00857
0.8 -1.3 0.0067798
0.9 -1.3 0.0052469
1 -1.3 0.0037968
1.1 -1.3 0.0024052
1.2 -1.3 0.00083701
1.3 -1.3 -0.00054064
1.4 -1.3 -0.0018453
1.5 -1.3 -0.0031378
1.6 -1.3 -0.0044668
1.7 -1.3 -0.0057325
1.8 -1.3 -0.0069852
1.9 -1.3 -0.0081434
2 -1.3 -0.0093111
-2 -1.2 0.044112
-1.9 -1.2 0.043351
-1.8 -1.2 0.042308
-1.7 -1.2 0.041314
-1.6 -1.2 0.039973
-1.5 -1.2 0.038849
-1.4 -1.2 0.037874
-1.3 -1.2 0.036663
-1.2 -1.2 0.035498
-1.1 -1.2 0.034309
-1 -1.2 0.0331
-0.9 -1.2 0.031879
-0.8 -1.2 0.030604
-0.7 -1.2 0.029259
-0.6 -1.2 0.028208
-0.5 -1.2 0.027227
-0.4 -1.2 0.026005
-0.3 -1.2 0.024415
-0.2 -1.2 0.022506
-0.1 -1.2 0.020973
0 -1.2 0.019428
0.1 -1.2 0.017851
0.2 -1.2 0.015888
0.3 -1.2 0.014111
0.4 -1.2 0.01218
0.5 -1.2 0.010284
0.6 -1.2 0.0086386
0.7 -1.2 0.0071083
0.8 -1.2 0.0055555
0.9 -1.2 0.0040002
1 -1.2 0.0024689
1.1 -1.2 0.0010151
1.2 -1.2 -0.00059819
1.3 -1.2 -0.0018943
1.4 -1.2 -0.0032297
1.5 -1.2 -0.0046391
1.6 -1.2 -0.0059447
1.7 -1.2 -0.0070391
1.8 -1.2 -0.0082185
1.9 -1.2 -0.0094116
2 -1.2 -0.010618
-2 -1.1 0.042769
-1.9 -1.1 0.041774
-1.8 -1.1 0.040911
-1.7 -1.1 0.039805
-1.6 -1.1 0.038521
-1.5 -1.1 0.037586
-1.4 -1.1 0.036588
-1.3 -1.1 0.035415
-1.2 -1.1 0.034251
-1.1 -1.1 0.032936
-1 -1.1 0.031656
-0.9 -1.1 0.030543
-0.8 -1.1 0.029384
-0.7 -1.1 0.027942
-0.6 -1.1 0.026907
-0.5 -1.1 0.025813
-0.4 -1.1 0.024393
-0.3 -1.1 0.022446
-0.2 -1.1 0.020837
-0.1 -1.1 0.019471
0 -1.1 0.01801
0.1 -1.1 0.016398
0.2 -1.1 0.014464
0.3 -1.1 0.01262
0.4 -1.1 0.010683
0.5 -1.1 0.0084569
0.6 -1.1 0.0069482
0.7 -1.1 0.0055552
0.8 -1.1 0.003969
0.9 -1.1 0.0024836
1 -1.1 0.00090603
1.1 -1.1 -0.00065155
1.2 -1.1 -0.0022059
1.3 -1.1 -0.0035908
1.4 -1.1 -0.0048341
1.5 -1.1 -0.0060322
1.6 -1.1 -0.0072512
1.7 -1.1 -0.008413
1.8 -1.1 -0.0096447
1.9 -1.1 -0.010841
2 -1.1 -0.011991
-2 -1 0.041538
-1.9 -1 0.04063
-1.8 -1 0.03953
-1.7 -1 0.038377
-1.6 -1 0.037462
-1.5 -1 0.036471
-1.4 -1 0.035249
-1.3 -1 0.034089
-1.2 -1 0.032941
-1.1 -1 0.031513
-1 -1 0.030375
-0.9 -1 0.029311
-0.8 -1 0.028083
-0.7 -1 0.026729
-0.6 -1 0.025637
-0.5 -1 0.02434
-0.4 -1 0.022693
-0.3 -1 0.020928
-0.2 -1 0.019444
-0.1 -1 0.018237
0 -1 0.016828
0.1 -1 0.014915
0.2 -1 0.013065
0.3 -1 0.01095
0.4 -1 0.0089452
0.5 -1 0.0070409
0.6 -1 0.0056457
0.7 -1 0.0042231
0.8 -1 0.002513
0.9 -1 0.00085491
1 -1 -0.00066855
1.1 -1 -0.002228
1.2 -1 -0.0037647
1.3 -1 -0.0051975
1.4 -1 -0.0063643
1.5 -1 -0.0076254
1.6 -1 -0.0088803
1.7 -1 -0.010017
1.8 -1 -0.011206
1.9 -1 -0.012342
2 -1 -0.013532
-2 -0.9 0.040382
-1.9 -0.9 0.039248
-1.8 -0.9 0.038427
-1.7 -0.9 0.037167
-1.6 -0.9 0.036159
-1.5 -0.9 0.035002
-1.4 -0.9 0.034067
-1.3 -0.9 0.032966
-1.2 -0.9 0.031654
-1.1 -0.9 0.030316
-1 -0.9 0.029175
-0.9 -0.9 0.028053
-0.8 -0.9 0.026757
-0.7 -0.9 0.025438
-0.6 -0.9 0.024225
-0.5 -0.9 0.022783
-0.4 -0.9 0.021202
-0.3 -0.9 0.019535
-0.2 -0.9 0.018087
-0.1 -0.9 0.016923
0 -0.9 0.015305
0.1 -0.9 0.013322
0.2 -0.9 0.011297
0.3 -0.9 0.0096738
0.4 -0.9 0.0077115
0.5 -0.9 0.0057511
0.6 -0.9 0.0042692
0.7 -0.9 0.0027655
0.8 -0.9 0.00089165
0.9 -0.9 -0.0007024
1 -0.9 -0.0021783
1.1 -0.9 -0.0037656
1.2 -0.9 -0.0053503
1.3 -0.9 -0.0065924
1.4 -0.9 -0.0077679
1.5 -0.9 -0.0090113
1.6 -0.9 -0.010172
1.7 -0.9 -0.011423
1.8 -0.9 -0.012728
1.9 -0.9 -0.013932
2 -0.9 -0.015052
-2 -0.8 0.039083
-1.9 -0.8 0.038166
-1.8 -0.8 0.037
-1.7 -0.8 0.035873
-1.6 -0.8 0.034715
-1.5 -0.8 0.033843
-1.4 -0.8 0.032852
-1.3 -0.8 0.031729
-1.2 -0.8 0.0305
-1.1 -0.8 0.029227
-1 -0.8 0.027951
-0.9 -0.8 0.026684
-0.8 -0.8 0.025388
-0.7 -0.8 0.024043
-0.6 -0.8 0.022597
-0.5 -0.8 0.021366
-0.4 -0.8 0.019752
-0.3 -0.8 0.018236
-0.2 -0.8 0.01668
-0.1 -0.8 0.015306
0 -0.8 0.013337
0.1 -0.8 0.011716
0.2 -0.8 0.0098938
0.3 -0.8 0.0082269
0.4 -0.8 0.0063313
0.5 -0.8 0.0044688
0.6 -0.8 0.0029603
0.7 -0.8 0.0012599
0.8 -0.8 -0.00054303
0.9 -0.8 -0.0020352
1 -0.8 -0.0035373
1.1 -0.8 -0.0052735
1.2 -0.8 -0.0068099
1.3 -0.8 -0.0080681
1.4 -0.8 -0.0092562
1.5 -0.8 -0.01048
1.6 -0.8 -0.011743
1.7 -0.8 -0.012946
1.8 -0.8 -0.014169
1.9 -0.8 -0.015345
2 -0.8 -0.016494
-2 -0.7 0.037738
-1.9 -0.7 0.036835
-1.8 -0.7 0.035694
-1.7 -0.7 0.034771
-1.6 -0.7 0.033561
-1.5 -0.7 0.032645
-1.4 -0.7 0.031587
-1.3 -0.7 0.030332
-1.2 -0.7 0.02917
-1.1 -0.7 0.027689
-1 -0.7 0.026661
-0.9 -0.7 0.025436
-0.8 -0.7 0.024032
-0.7 -0.7 0.022641
-0.6 -0.7 0.021265
-0.5 -0.7 0.019722
-0.4 -0.7 0.018085
-0.3 -0.7 0.016436
-0.2 -0.7 0.014668
-0.1 -0.7 0.013134
0 -0.7 0.011703
0.1 -0.7 0.010281
0.2 -0.7 0.0084935
0.3 -0.7 0.0069221
0.4 -0.7 0.0050003
0.5 -0.7 0.0032358
0.6 -0.7 0.0014144
0.7 -0.7 -0.00028575
0.8 -0.7 -0.0018709
0.9 -0.7 -0.0034306
1 -0.7 -0.005122
1.1 -0.7 -0.0068807
1.2 -0.7 -0.0082998
1.3 -0.7 -0.009491
1.4 -0.7 -0.010736
1.5 -0.7 -0.012004
1.6 -0.7 -0.013206
1.7 -0.7 -0.01434
1.8 -0.7 -0.015622
1.9 -0.7 -0.01681
2 -0.7 -0.017854
-2 -0.6 0.036541
-1.9 -0.6 0.035494
-1.8 -0.6 0.034578
-1.7 -0.6 0.033529
-1.6 -0.6 0.032418
-1.5 -0.6 0.031448
-1.4 -0.6 0.0303
-1.3 -0.6 0.029055
-1.2 -0.6 0.027781
-1.1 -0.6 0.026345
-1 -0.6 0.025101
-0.9 -0.6 0.0237
-0.8 -0.6 0.022533
-0.7 -0.6 0.021293
-0.6 -0.6 0.019639
-0.5 -0.6 0.018082
-0.4 -0.6 0.01627
-0.3 -0.6 0.014533
-0.2 -0.6 0.012908
-0.1 -0.6 0.011616
0 -0.6 0.010382
0.1 -0.6 0.008787
0.2 -0.6 0.007272
0.3 -0.6 0.0055741
0.4 -0.6 0.0036873
0.5 -0.6 0.0016306
0.6 -0.6 -4.7447e-05
0.7 -0.6 -0.0018172
0.8 -0.6 -0.0034823
0.9 -0.6 -0.0052125
1 -0.6 -0.0068993
1.1 -0.6 -0.0085613
1.2 -0.6 -0.0098983
1.3 -0.6 -0.011145
1.4 -0.6 -0.012327
1.5 -0.6 -0.013546
1.6 -0.6 -0.014864
1.7 -0.6 -0.016085
1.8 -0.6 -0.017357
1.9 -0.6 -0.01857
2 -0.6 -0.019922
-2 -0.5 0.035409
-1.9 -0.5 0.034319
-1.8 -0.5 0.033259
-1.7 -0.5 0.032373
-1.6 -0.5 0.03125
-1.5 -0.5 0.030192
-1.4 -0.5 0.029021
-1.3 -0.5 0.027896
-1.2 -0.5 0.026622
-1.1 -0.5 0.025186
-1 -0.5 0.023601
-0.9 -0.5 0.022309
-0.8 -0.5 0.020869
-0.7 -0.5 0.019527
-0.6 -0.5 0.018053
-0.5 -0.5 0.016188
-0.4 -0.5 0.014491
-0.3 -0.5 0.012815
-0.2 -0.5 0.011259
-0.1 -0.5 0.0099933
0 -0.5 0.0087649
0.1 -0.5 0.0070486
0.2 -0.5 0.0055604
0.3 -0.5 0.0039107
0.4 -0.5 0.0022244
0.5 -0.5 9.3971e-05
0.6 -0.5 -0.0018114
0.7 -0.5 -0.003736
0.8 -0.5 -0.0053802
0.9 -0.5 -0.0071684
1 -0.5 -0.0086851
1.1 -0.5 -0.010308
1.2 -0.5 -0.011573
1.3 -0.5 -0.012775
1.4 -0.5 -0.014043
1.5 -0.5 -0.015227
1.6 -0.5 -0.016404
1.7 -0.5 -0.01767
1.8 -0.5 -0.019037
1.9 -0.5 -0.020368
2 -0.5 -0.02157
-2 -0.4 0.033791
-1.9 -0.4 0.032624
-1.8 -0.4 0.031798
-1.7 -0.4 0.030958
-1.6 -0.4 0.02988
-1.5 -0.4 0.028789
-1.4 -0.4 0.027747
-1.3 -0.4 0.026577
-1.2 -0.4 0.02519
-1.1 -0.4 0.02351
-1 -0.4 0.022082
-0.9 -0.4 0.020808
-0.8 -0.4 0.019477
-0.7 -0.4 0.017839
-0.6 -0.4 0.01595
-0.5 -0.4 0.014235
-0.4 -0.4 0.012901
-0.3 -0.4 0.011215
-0.2 -0.4 0.0098557
-0.1 -0.4 0.0086574
0 -0.4 0.0073624
0.1 -0.4 0.0055043
0.2 -0.4 0.0040961
0.3 -0.4 0.0023591
0.4 -0.4 0.00057904
0.5 -0.4 -0.001684
0.6 -0.4 -0.0036199
0.7 -0.4 -0.0053991
0.8 -0.4 -0.0072238
0.9 -0.4 -0.0087649
1 -0.4 -0.010153
1.1 -0.4 -0.011831
1.2 -0.4 -0.013154
1.3 -0.4 -0.014324
1.4 -0.4 -0.015552
1.5 -0.4 -0.016777
1.6 -0.4 -0.018053
1.7 -0.4 -0.019194
1.8 -0.4 -0.020597
1.9 -0.4 -0.021953
2 -0.4 -0.023253
-2 -0.3 0.032363
-1.9 -0.3 0.031329
-1.8 -0.3 0.030453
-1.7 -0.3 0.029614
-1.6 -0.3 0.028637
-1.5 -0.3 0.027531
-1.4 -0.3 0.0264
-1.3 -0.3 0.025081
-1.2 -0.3 0.023646
-1.1 -0.3 0.022208
-1 -0.3 0.020871
-0.9 -0.3 0.019569
-0.8 -0.3 0.017926
-0.7 -0.3 0.016384
-0.6 -0.3 0.014576
-0.5 -0.3 0.012851
-0.4 -0.3 0.011244
-0.3 -0.3 0.0095099
-0.2 -0.3 0.0082434
-0.1 -0.3 0.007203
0 -0.3 0.0057899
0.1 -0.3 0.0040201
0.2 -0.3 0.0025035
0.3 -0.3 0.00096379
0.4 -0.3 -0.0011828
0.5 -0.3 -0.0034035
0.6 -0.3 -0.0052252
0.7 -0.3 -0.0072183
0.8 -0.3 -0.0087674
0.9 -0.3 -0.010158
1 -0.3 -0.011595
1.1 -0.3 -0.013261
1.2 -0.3 -0.014595
1.3 -0.3 -0.015796
1.4 -0.3 -0.017
1.5 -0.3 -0.018217
1.6 -0.3 -0.019412
1.7 -0.3 -0.020692
1.8 -0.3 -0.022275
1.9 -0.3 -0.023749
2 -0.3 -0.024947
-2 -0.2 0.030839
-1.9 -0.2 0.029898
-1.8 -0.2 0.029054
-1.7 -0.2 0.028187
-1.6 -0.2 0.02729
-1.5 -0.2 0.02618
-1.4 -0.2 0.02497
-1.3 -0.2 0.023802
-1.2 -0.2 0.022365
-1.1 -0.2 0.020982
-1 -0.2 0.019508
-0.9 -0.2 0.01815
-0.8 -0.2 0.01653
-0.7 -0.2 0.015041
-0.6 -0.2 0.013272
-0.5 -0.2 0.011441
-0.4 -0.2 0.0097826
-0.3 -0.2 0.0081429
-0.2 -0.2 0.0067389
-0.1 -0.2 0.0055612
0 -0.2 0.004076
0.1 -0.2 0.0023628
0.2 -0.2 0.00099536
0.3 -0.2 -0.00068954
0.4 -0.2 -0.00295
0.5 -0.2 -0.0049731
0.6 -0.2 -0.0068994
0.7 -0.2 -0.0087044
0.8 -0.2 -0.010253
0.9 -0.2 -0.011828
1 -0.2 -0.013125
1.1 -0.2 -0.014757
1.2 -0.2 -0.016001
1.3 -0.2 -0.017156
1.4 -0.2 -0.018407
1.5 -0.2 -0.019669
1.6 -0.2 -0.021064
1.7 -0.2 -0.022542
1.8 -0.2 -0.023956
1.9 -0.2 -0.025221
2 -0.2 -0.026154
-2 -0.1 0.029123
-1.9 -0.1 0.028355
-1.8 -0.1 0.027676
-1.7 -0.1 0.026824
-1.6 -0.1 0.025915
-1.5 -0.1 0.024794
-1.4 -0.1 0.023634
-1.3 -0.1 0.022465
-1.2 -0.1 0.020985
-1.1 -0.1 0.019531
-1 -0.1 0.018304
-0.9 -0.1 0.016784
-0.8 -0.1 0.015195
-0.7 -0.1 0.013741
-0.6 -0.1 0.011961
-0.5 -0.1 0.0098463
-0.4 -0.1 0.0081856
-0.3 -0.1 0.0067659
-0.2 -0.1 0.0055498
-0.1 -0.1 0.0042928
0 -0.1 0.0025424
0.1 -0.1 0.00075038
0.2 -0.1 -0.00087606
0.3 -0.1 -0.002454
0.4 -0.1 -0.0045801
0.5 -0.1 -0.0065649
0.6 -0.1 -0.0084163
0.7 -0.1 -0.010161
0.8 -0.1 -0.011788
0.9 -0.1 -0.013251
1 -0.1 -0.014523
1.1 -0.1 -0.016241
1.2 -0.1 -0.017541
1.3 -0.1 -0.018696
1.4 -0.1 -0.020108
1.5 -0.1 -0.021443
1.6 -0.1 -0.022711
1.7 -0.1 -0.024092
1.8 -0.1 -0.025351
1.9 -0.1 -0.026639
2 -0.1 -0.02765
-2 0 0.027828
-1.9 0 0.026917
-1.8 0 0.026042
-1.7 0 0.025294
-1.6 0 0.024289
-1.5 0 0.02336
-1.4 0 0.022181
-1.3 0 0.020768
-1.2 0 0.019526
-1.1 0 0.018203
-1 0 0.016921
-0.9 0 0.015339
-0.8 0 0.013763
-0.7 0 0.012317
-0.6 0 0.010496
-0.5 0 0.0084111
-0.4 0 0.0068612
-0.3 0 0.0055076
-0.2 0 0.0041462
-0.1 0 0.0027008
0 0 0.00096408
0.1 0 -0.00085855
0.2 0 -0.0026637
0.3 0 -0.0043596
0.4 0 -0.0064509
0.5 0 -0.0083585
0.6 0 -0.010015
0.7 0 -0.011689
0.8 0 -0.013139
0.9 0 -0.014558
1 0 -0.015878
1.1 0 -0.017645
1.2 0 -0.019201
1.3 0 -0.020432
1.4 0 -0.021666
1.5 0 -0.023154
1.6 0 -0.024518
1.7 0 -0.025787
1.8 0 -0.026962
1.9 0 -0.028022
2 0 -0.028954
-2 0.1 0.026398
-1.9 0.1 0.025549
-1.8 0.1 0.024719
-1.7 0.1 0.023849
-1.6 0.1 0.022935
-1.5 0.1 0.021706
-1.4 0.1 0.020794
-1.3 0.1 0.019613
-1.2 0.1 0.018168
-1.1 0.1 0.0167
-1 0.1 0.015303
-0.9 0.1 0.013775
-0.8 0.1 0.012243
-0.7 0.1 0.0107
-0.6 0.1 0.0088225
-0.5 0.1 0.0069728
-0.4 0.1 0.0052883
-0.3 0.1 0.0038622
-0.2 0.1 0.0025311
-0.1 0.1 0.00094912
0 0.1 -0.00072707
0.1 0.1 -0.0025377
0.2 0.1 -0.00442
0.3 0.1 -0.0060198
0.4 0.1 -0.0079785
0.5 0.1 -0.0098411
0.6 0.1 -0.01148
0.7 0.1 -0.013081
0.8 0.1 -0.014535
0.9 0.1 -0.016057
1 0.1 -0.017592
1.1 0.1 -0.01946
1.2 0.1 -0.020813
1.3 0.1 -0.022137
1.4 0.1 -0.023598
1.5 0.1 -0.024844
1.6 0.1 -0.026185
1.7 0.1 -0.02743
1.8 0.1 -0.028519
1.9 0.1 -0.02942
2 0.1 -0.030253
-2 0.2 0.025167
-1.9 0.2 0.024125
-1.8 0.2 0.02341
-1.7 0.2 0.02249
-1.6 0.2 0.021259
-1.5 0.2 0.0203
-1.4 0.2 0.019289
-1.3 0.2 0.018042
-1.2 0.2 0.016737
-1.1 0.2 0.015387
-1 0.2 0.013884
-0.9 0.2 0.012418
-0.8 0.2 0.011045
-0.7 0.2 0.0092929
-0.6 0.2 0.007401
-0.5 0.2 0.0057071
-0.4 0.2 0.003998
-0.3 0.2 0.0024845
-0.2 0.2 0.00098748
-0.1 0.2 -0.00086371
0 0.2 -0.0026042
0.1 0.2 -0.0044743
0.2 0.2 -0.006202
0.3 0.2 -0.0077151
0.4 0.2 -0.0093032
0.5 0.2 -0.011386
0.6 0.2 -0.013281
0.7 0.2 -0.015071
0.8 0.2 -0.01671
0.9 0.2 -0.017884
1 0.2 -0.019414
1.1 0.2 -0.020991
1.2 0.2 -0.022461
1.3 0.2 -0.023859
1.4 0.2 -0.025136
1.5 0.2 -0.026437
1.6 0.2 -0.027685
1.7 0.2 -0.028829
1.8 0.2 -0.029861
1.9 0.2 -0.030808
2 0.2 -0.031937
-2 0.3 0.023815
-1.9 0.3 0.022976
-1.8 0.3 0.021861
-1.7 0.3 0.020871
-1.6 0.3 0.019959
-1.5 0.3 0.019049
-1.4 0.3 0.017886
-1.3 0.3 0.016598
-1.2 0.3 0.015205
-1.1 0.3 0.013707
-1 0.3 0.01239
-0.9 0.3 0.011015
-0.8 0.3 0.0096823
-0.7 0.3 0.0078652
-0.6 0.3 0.0060381
-0.5 0.3 0.0041971
-0.4 0.3 0.0023308
-0.3 0.3 0.00084545
-0.2 0.3 -0.00072768
-0.1 0.3 -0.0027473
0 0.3 -0.0043365
0.1 0.3 -0.0061469
0.2 0.3 -0.0079674
0.3 0.3 -0.0093707
0.4 0.3 -0.011131
0.5 0.3 -0.013392
0.6 0.3 -0.01527
0.7 0.3 -0.016727
0.8 0.3 -0.018199
0.9 0.3 -0.019577
1 0.3 -0.021131
1.1 0.3 -0.022546
1.2 0.3 -0.024216
1.3 0.3 -0.025634
1.4 0.3 -0.026938
1.5 0.3 -0.028201
1.6 0.3 -0.029221
1.7 0.3 -0.030198
1.8 0.3 -0.031299
1.9 0.3 -0.03247
2 0.3 -0.033647
-2 0.4 0.022378
-1.9 0.4 0.021487
-1.8 0.4 0.020531
-1.7 0.4 0.019682
-1.6 0.4 0.018758
-1.5 0.4 0.017635
-1.4 0.4 0.016498
-1.3 0.4 0.015286
-1.2 0.4 0.013934
-1.1 0.4 0.012303
-1 0.4 0.010889
-0.9 0.4 0.0092798
-0.8 0.4 0.0078084
-0.7 0.4 0.0062285
-0.6 0.4 0.0042983
-0.5 0.4 0.0025034
-0.4 0.4 0.00050691
-0.3 0.4 -0.001057
-0.2 0.4 -0.0030168
-0.1 0.4 -0.0048428
0 0.4 -0.0065183
0.1 0.4 -0.0081505
0.2 0.4 -0.0097113
0.3 0.4 -0.011216
0.4 0.4 -0.012995
0.5 0.4 -0.014839
0.6 0.4 -0.016562
0.7 0.4 -0.017921
0.8 0.4 -0.019362
0.9 0.4 -0.020806
1 0.4 -0.02244
1.1 0.4 -0.024179
1.2 0.4 -0.02589
1.3 0.4 -0.027138
1.4 0.4 -0.028325
1.5 0.4 -0.029487
1.6 0.4 -0.030718
1.7 0.4 -0.031866
1.8 0.4 -0.033163
1.9 0.4 -0.034258
2 0.4 -0.035459
-2 0.5 0.021033
-1.9 0.5 0.020117
-1.8 0.5 0.019246
-1.7 0.5 0.018336
-1.6 0.5 0.017247
-1.5 0.5 0.016209
-1.4 0.5 0.015036
-1.3 0.5 0.013915
-1.2 0.5 0.012427
-1.1 0.5 0.01085
-1 0.5 0.0093602
-0.9 0.5 0.0074978
-0.8 0.5 0.0059817
-0.7 0.5 0.0042534
-0.6 0.5 0.002185
-0.5 0.5 0.00022232
-0.4 0.5 -0.0015779
-0.3 0.5 -0.0030374
-0.2 0.5 -0.0048612
-0.1 0.5 -0.0067027
0 0.5 -0.0084422
0.1 0.5 -0.010074
0.2 0.5 -0.011474
0.3 0.5 -0.012747
0.4 0.5 -0.014349
0.5 0.5 -0.016262
0.6 0.5 -0.017926
0.7 0.5 -0.019256
0.8 0.5 -0.020754
0.9 0.5 -0.022142
1 0.5 -0.023822
1.1 0.5 -0.02562
1.2 0.5 -0.027314
1.3 0.5 -0.028698
1.4 0.5 -0.029885
1.5 0.5 -0.030958
1.6 0.5 -0.032132
1.7 0.5 -0.033471
1.8 0.5 -0.034893
1.9 0.5 -0.035984
2 0.5 -0.037113
-2 0.6 0.019728
-1.9 0.6 0.018899
-1.8 0.6 0.017985
-1.7 0.6 0.016998
-1.6 0.6 0.015919
-1.5 0.6 0.014959
-1.4 0.6 0.013826
-1.3 0.6 0.0126
-1.2 0.6 0.010822
-1.1 0.6 0.0091364
-1 0.6 0.0073968
-0.9 0.6 0.0055026
-0.8 0.6 0.0039656
-0.7 0.6 0.0022199
-0.6 0.6 0.00032798
-0.5 0.6 -0.0018185
-0.4 0.6 -0.0033906
-0.3 0.6 -0.0049093
-0.2 0.6 -0.0070103
-0.1 0.6 -0.0089861
0 0.6 -0.010583
0.1 0.6 -0.011736
0.2 0.6 -0.013022
0.3 0.6 -0.014416
0.4 0.6 -0.015964
0.5 0.6 -0.017874
0.6 0.6 -0.019566
0.7 0.6 -0.020991
0.8 0.6 -0.022406
0.9 0.6 -0.023808
1 0.6 -0.025754
1.1 0.6 -0.027488
1.2 0.6 -0.029102
1.3 0.6 -0.030404
1.4 0.6 -0.031623
1.5 0.6 -0.032884
1.6 0.6 -0.034172
1.7 0.6 -0.0354
1.8 0.6 -0.036489
1.9 0.6 -0.037448
2 0.6 -0.038495
-2 0.7 0.018546
-1.9 0.7 0.01756
-1.8 0.7 0.016526
-1.7 0.7 0.015485
-1.6 0.7 0.014441
-1.5 0.7 0.013153
-1.4 0.7 0.011805
-1.3 0.7 0.01033
-1.2 0.7 0.0087682
-1.1 0.7 0.0071071
-1 0.7 0.0053603
-0.9 0.7 0.0036002
-0.8 0.7 0.0020787
-0.7 0.7 6.1538e-05
-0.6 0.7 -0.0015743
-0.5 0.7 -0.0038129
-0.4 0.7 -0.0056061
-0.3 0.7 -0.007566
-0.2 0.7 -0.0093823
-0.1 0.7 -0.011329
0 0.7 -0.012444
0.1 0.7 -0.013514
0.2 0.7 -0.014809
0.3 0.7 -0.016259
0.4 0.7 -0.01767
0.5 0.7 -0.019459
0.6 0.7 -0.021061
0.7 0.7 -0.022407
0.8 0.7 -0.023804
0.9 0.7 -0.025315
1 0.7 -0.027195
1.1 0.7 -0.02877
1.2 0.7 -0.030367
1.3 0.7 -0.031665
1.4 0.7 -0.03283
1.5 0.7 -0.034335
1.6 0.7 -0.035686
1.7 0.7 -0.036762
1.8 0.7 -0.037796
1.9 0.7 -0.038687
2 0.7 -0.039578
-2 0.8 0.01699
-1.9 0.8 0.015888
-1.8 0.8 0.014905
-1.7 0.8 0.013873
-1.6 0.8 0.012649
-1.5 0.8 0.011462
-1.4 0.8 0.010101
-1.3 0.8 0.0085201
-1.2 0.8 0.0069776
-1.1 0.8 0.005143
-1 0.8 0.0035176
-0.9 0.8 0.0018279
-0.8 0.8 4.5185e-05
-0.7 0.8 -0.0018779
-0.6 0.8 -0.0036834
-0.5 0.8 -0.0057854
-0.4 0.8 -0.0073861
-0.3 0.8 -0.0093297
-0.2 0.8 -0.011156
-0.1 0.8 -0.012702
0 0.8 -0.013778
0.1 0.8 -0.014846
0.2 0.8 -0.016079
0.3 0.8 -0.01756
0.4 0.8 -0.018964
0.5 0.8 -0.020786
0.6 0.8 -0.022344
0.7 0.8 -0.023934
0.8 0.8 -0.025336
0.9 0.8 -0.026913
1 0.8 -0.028635
1.1 0.8 -0.030094
1.2 0.8 -0.031578
1.3 0.8 -0.032949
1.4 0.8 -0.034335
1.5 0.8 -0.035815
1.6 0.8 -0.036844
1.7 0.8 -0.037908
1.8 0.8 -0.038923
1.9 0.8 -0.040028
2 0.8 -0.040735
-2 0.9 0.015183
-1.9 0.9 0.014265
-1.8 0.9 0.013216
-1.7 0.9 0.012129
-1.6 0.9 0.01094
-1.5 0.9 0.0098386
-1.4 0.9 0.0084299
-1.3 0.9 0.0069008
-1.2 0.9 0.0052633
-1.1 0.9 0.0035144
-1 0.9 0.0016758
-0.9 0.9 -7.3442e-06
-0.8 0.9 -0.0019153
-0.7 0.9 -0.0037297
-0.6 0.9 -0.0054115
-0.5 0.9 -0.0070746
-0.4 0.9 -0.0088048
-0.3 0.9 -0.010839
-0.2 0.9 -0.012463
-0.1 0.9 -0.013846
0 0.9 -0.015114
0.1 0.9 -0.016185
0.2 0.9 -0.017507
0.3 0.9 -0.018984
0.4 0.9 -0.020394
0.5 0.9 -0.022303
0.6 0.9 -0.023813
0.7 0.9 -0.025342
0.8 0.9 -0.026679
0.9 0.9 -0.02808
1 0.9 -0.029899
1.1 0.9 -0.031369
1.2 0.9 -0.032785
1.3 0.9 -0.034454
1.4 0.9 -0.035885
1.5 0.9 -0.036997
1.6 0.9 -0.038004
1.7 0.9 -0.039079
1.8 0.9 -0.040248
1.9 0.9 -0.041021
2 0.9 -0.041798
-2 1 0.01392
-1.9 1 0.012822
-1.8 1 0.011887
-1.7 1 0.0108
-1.6 1 0.0096755
-1.5 1 0.0084292
-1.4 1 0.0069308
-1.3 1 0.005355
-1.2 1 0.0034405
-1.1 1 0.0017396
-1 1 -0.00027338
-0.9 1 -0.0017857
-0.8 1 -0.003472
-0.7 1 -0.0052986
-0.6 1 -0.0067644
-0.5 1 -0.0083652
-0.4 1 -0.010154
-0.3 1 -0.01216
-0.2 1 -0.013641
-0.1 1 -0.015066
0 1 -0.016273
0.1 1 -0.01749
0.2 1 -0.018977
0.3 1 -0.020637
0.4 1 -0.022037
0.5 1 -0.023683
0.6 1 -0.025215
0.7 1 -0.026646
0.8 1 -0.027948
0.9 1 -0.029443
1 1 -0.031108
1.1 1 -0.032518
1.2 1 -0.034179
1.3 1 -0.035772
1.4 1 -0.037003
1.5 1 -0.038118
1.6 1 -0.039144
1.7 1 -0.040227
1.8 1 -0.041282
1.9 1 -0.042009
2 1 -0.042911
-2 1.1 0.012574
-1.9 1.1 0.01158
-1.8 1.1 0.010574
-1.7 1.1 0.0093742
-1.6 1.1 0.0082083
-1.5 1.1 0.006834
-1.4 1.1 0.0053857
-1.3 1.1 0.0035046
-1.2 1.1 0.0015713
-1.1 1.1 1.8038e-05
-1 1.1 -0.0017283
-0.9 1.1 -0.0032852
-0.8 1.1 -0.0050211
-0.7 1.1 -0.006505
-0.6 1.1 -0.0081041
-0.5 1.1 -0.0095827
-0.4 1.1 -0.011536
-0.3 1.1 -0.013349
-0.2 1.1 -0.014826
-0.1 1.1 -0.016255
0 1.1 -0.017652
0.1 1.1 -0.018881
0.2 1.1 -0.020362
0.3 1.1 -0.02188
0.4 1.1 -0.023245
0.5 1.1 -0.025039
0.6 1.1 -0.026547
0.7 1.1 -0.027912
0.8 1.1 -0.029234
0.9 1.1 -0.030552
1 1.1 -0.032326
1.1 1.1 -0.033787
1.2 1.1 -0.035433
1.3 1.1 -0.036777
1.4 1.1 -0.038055
1.5 1.1 -0.039199
1.6 1.1 -0.040253
1.7 1.1 -0.041244
1.8 1.1 -0.042378
1.9 1.1 -0.043183
2 1.1 -0.044
-2 1.2 0.011298
-1.9 1.2 0.010256
-1.8 1.2 0.0091791
-1.7 1.2 0.0080597
-1.6 1.2 0.0068029
-1.5 1.2 0.0052843
-1.4 1.2 0.0035817
-1.3 1.2 0.0016736
-1.2 1.2 9.7892e-05
-1.1 1.2 -0.0013419
-1 1.2 -0.0030181
-0.9 1.2 -0.0045604
-0.8 1.2 -0.0062046
-0.7 1.2 -0.0075786
-0.6 1.2 -0.0092195
-0.5 1.2 -0.010806
-0.4 1.2 -0.012904
-0.3 1.2 -0.014597
-0.2 1.2 -0.016237
-0.1 1.2 -0.017769
0 1.2 -0.019014
0.1 1.2 -0.02022
0.2 1.2 -0.021677
0.3 1.2 -0.02308
0.4 1.2 -0.02456
0.5 1.2 -0.026388
0.6 1.2 -0.027788
0.7 1.2 -0.029175
0.8 1.2 -0.030466
0.9 1.2 -0.031727
1 1.2 -0.033597
1.1 1.2 -0.035113
1.2 1.2 -0.036538
1.3 1.2 -0.037885
1.4 1.2 -0.039154
1.5 1.2 -0.040172
1.6 1.2 -0.041228
1.7 1.2 -0.04244
1.8 1.2 -0.043383
1.9 1.2 -0.044108
2 1.2 -0.044858
-2 1.3 0.0099871
-1.9 1.3 0.0089251
-1.8 1.3 0.0078281
-1.7 1.3 0.0065175
-1.6 1.3 0.0051367
-1.5 1.3 0.0036355
-1.4 1.3 0.001827
-1.3 1.3 0.00016093
-1.2 1.3 -0.0013299
-1.1 1.3 -0.0027478
-1 1.3 -0.0043036
-0.9 1.3 -0.0057985
-0.8 1.3 -0.0074243
-0.7 1.3 -0.0088993
-0.6 1.3 -0.010549
-0.5 1.3 -0.012401
-0.4 1.3 -0.014292
-0.3 1.3 -0.0159
-0.2 1.3 -0.017579
-0.1 1.3 -0.018955
0 1.3 -0.020172
0.1 1.3 -0.021468
0.2 1.3 -0.022808
0.3 1.3 -0.02427
0.4 1.3 -0.025885
0.5 1.3 -0.027565
0.6 1.3 -0.028901
0.7 1.3 -0.030141
0.8 1.3 -0.031466
0.9 1.3 -0.032945
1 1.3 -0.034824
1.1 1.3 -0.036275
1.2 1.3 -0.037578
1.3 1.3 -0.039007
1.4 1.3 -0.040154
1.5 1.3 -0.041328
1.6 1.3 -0.042299
1.7 1.3 -0.043355
1.8 1.3 -0.044266
1.9 1.3 -0.045064
2 1.3 -0.045885
-2 1.4 0.0085369
-1.9 1.4 0.007325
-1.8 1.4 0.0063389
-1.7 1.4 0.0051574
-1.6 1.4 0.003533
-1.5 1.4 0.0018941
-1.4 1.4 0.00032732
-1.3 1.4 -0.0011856
-1.2 1.4 -0.0026258
-1.1 1.4 -0.0040066
-1 1.4 -0.005485
-0.9 1.4 -0.0071044
-0.8 1.4 -0.0089023
-0.7 1.4 -0.010366
-0.6 1.4 -0.011939
-0.5 1.4 -0.013929
-0.4 1.4 -0.015667
-0.3 1.4 -0.017247
-0.2 1.4 -0.018654
-0.1 1.4 -0.019997
0 1.4 -0.021256
0.1 1.4 -0.022459
0.2 1.4 -0.023828
0.3 1.4 -0.025485
0.4 1.4 -0.027001
0.5 1.4 -0.028696
0.6 1.4 -0.029899
0.7 1.4 -0.031244
0.8 1.4 -0.032668
0.9 1.4 -0.034155
1 1.4 -0.035847
1.1 1.4 -0.037433
1.2 1.4 -0.03879
1.3 1.4 -0.040132
1.4 1.4 -0.041256
1.5 1.4 -0.042292
1.6 1.4 -0.043468
1.7 1.4 -0.044384
1.8 1.4 -0.045244
1.9 1.4 -0.046036
2 1.4 -0.046753
-2 1.5 0.0071655
-1.9 1.5 0.0062027
-1.8 1.5 0.0052001
-1.7 1.5 0.0035903
-1.6 1.5 0.0019511
-1.5 1.5 0.00050729
-1.4 1.5 -0.00088497
-1.3 1.5 -0.0023812
-1.2 1.5 -0.003841
-1.1 1.5 -0.005216
-1 1.5 -0.0068135
-0.9 1.5 -0.0086365
-0.8 1.5 -0.010293
-0.7 1.5 -0.01169
-0.6 1.5 -0.013347
-0.5 1.5 -0.015288
-0.4 1.5 -0.016762
-0.3 1.5 -0.018158
-0.2 1.5 -0.019584
-0.1 1.5 -0.020965
0 1.5 -0.022204
0.1 1.5 -0.023479
0.2 1.5 -0.024973
0.3 1.5 -0.026519
0.4 1.5 -0.028069
0.5 1.5 -0.029655
0.6 1.5 -0.030994
0.7 1.5 -0.032477
0.8 1.5 -0.033955
0.9 1.5 -0.035262
1 1.5 -0.036868
1.1 1.5 -0.03853
1.2 1.5 -0.039862
1.3 1.5 -0.041127
1.4 1.5 -0.04222
1.5 1.5 -0.043214
1.6 1.5 -0.044464
1.7 1.5 -0.045336
1.8 1.5 -0.046101
1.9 1.5 -0.046853
2 1.5 -0.04759
-2 1.6 0.0060206
-1.9 1.6 0.0050027
-1.8 1.6 0.0036571
-1.7 1.6 0.0020893
-1.6 1.6 0.00056553
-1.5 1.6 -0.00068904
-1.4 1.6 -0.0021433
-1.3 1.6 -0.0036429
-1.2 1.6 -0.0051636
-1.1 1.6 -0.0065579
-1 1.6 -0.0081314
-0.9 1.6 -0.0099354
-0.8 1.6 -0.011513
-0.7 1.6 -0.012889
-0.6 1.6 -0.01458
-0.5 1.6 -0.016244
-0.4 1.6 -0.017641
-0.3 1.6 -0.019044
-0.2 1.6 -0.020426
-0.1 1.6 -0.021873
0 1.6 -0.023234
0.1 1.6 -0.024592
0.2 1.6 -0.025923
0.3 1.6 -0.027522
0.4 1.6 -0.029034
0.5 1.6 -0.03065
0.6 1.6 -0.031979
0.7 1.6 -0.033527
0.8 1.6 -0.034949
0.9 1.6 -0.03641
1 1.6 -0.038093
1.1 1.6 -0.039565
1.2 1.6 -0.040888
1.3 1.6 -0.042069
1.4 1.6 -0.043193
1.5 1.6 -0.044248
1.6 1.6 -0.045466
1.7 1.6 -0.046371
1.8 1.6 -0.047038
1.9 1.6 -0.047697
2 1.6 -0.048285
-2 1.7 0.0048502
-1.9 1.7 0.0036789
-1.8 1.7 0.0023065
-1.7 1.7 0.00075534
-1.6 1.7 -0.0006958
-1.5 1.7 -0.0020524
-1.4 1.7 -0.0034011
-1.3 1.7 -0.0049254
-1.2 1.7 -0.0063424
-1.1 1.7 -0.0077695
-1 1.7 -0.0094307
-0.9 1.7 -0.01121
-0.8 1.7 -0.01257
-0.7 1.7 -0.014157
-0.6 1.7 -0.015735
-0.5 1.7 -0.017118
-0.4 1.7 -0.018444
-0.3 1.7 -0.019992
-0.2 1.7 -0.021372
-0.1 1.7 -0.022788
0 1.7 -0.024262
0.1 1.7 -0.025548
0.2 1.7 -0.026795
0.3 1.7 -0.028488
0.4 1.7 -0.030024
0.5 1.7 -0.031613
0.6 1.7 -0.033136
0.7 1.7 -0.034457
0.8 1.7 -0.036063
0.9 1.7 -0.037571
1 1.7 -0.038952
1.1 1.7 -0.040428
1.2 1.7 -0.041922
1.3 1.7 -0.043153
1.4 1.7 -0.044124
1.5 1.7 -0.045302
1.6 1.7 -0.046331
1.7 1.7 -0.047244
1.8 1.7 -0.04799
1.9 1.7 -0.048739
2 1.7 -0.04931
-2 1.8 0.0035641
-1.9 1.8 0.0023618
-1.8 1.8 0.00084342
-1.7 1.8 -0.0007394
-1.6 1.8 -0.002057
-1.5 1.8 -0.0032328
-1.4 1.8 -0.0046195
-1.3 1.8 -0.0060837
-1.2 1.8 -0.0075361
-1.1 1.8 -0.0091132
-1 1.8 -0.010749
-0.9 1.8 -0.012414
-0.8 1.8 -0.013627
-0.7 1.8 -0.015266
-0.6 1.8 -0.01678
-0.5 1.8 -0.018181
-0.4 1.8 -0.019474
-0.3 1.8 -0.020948
-0.2 1.8 -0.022246
-0.1 1.8 -0.023735
0 1.8 -0.025105
0.1 1.8 -0.026389
0.2 1.8 -0.027641
0.3 1.8 -0.029629
0.4 1.8 -0.031083
0.5 1.8 -0.032783
0.6 1.8 -0.034268
0.7 1.8 -0.035604
0.8 1.8 -0.037073
0.9 1.8 -0.038489
1 1.8 -0.039734
1.1 1.8 -0.041394
1.2 1.8 -0.042867
1.3 1.8 -0.044144
1.4 1.8 -0.045192
1.5 1.8 -0.04629
1.6 1.8 -0.047289
1.7 1.8 -0.048132
1.8 1.8 -0.048889
1.9 1.8 -0.049582
2 1.8 -0.050241
-2 1.9 0.0022667
-1.9 1.9 0.000874
-1.8 1.9 -0.00062544
-1.7 1.9 -0.0019915
-1.6 1.9 -0.0032027
-1.5 1.9 -0.0043876
-1.4 1.9 -0.0057297
-1.3 1.9 -0.0072836
-1.2 1.9 -0.0088085
-1.1 1.9 -0.010455
-1 1.9 -0.012126
-0.9 1.9 -0.01342
-0.8 1.9 -0.014783
-0.7 1.9 -0.01628
-0.6 1.9 -0.017832
-0.5 1.9 -0.01912
-0.4 1.9 -0.020339
-0.3 1.9 -0.021729
-0.2 1.9 -0.023182
-0.1 1.9 -0.024632
0 1.9 -0.026018
0.1 1.9 -0.02726
0.2 1.9 -0.028668
0.3 1.9 -0.030662
0.4 1.9 -0.032145
0.5 1.9 -0.033899
0.6 1.9 -0.035271
0.7 1.9 -0.036621
0.8 1.9 -0.038022
0.9 1.9 -0.039575
1 1.9 -0.040883
1.1 1.9 -0.042286
1.2 1.9 -0.043756
1.3 1.9 -0.045077
1.4 1.9 -0.046179
1.5 1.9 -0.047053
1.6 1.9 -0.047994
1.7 1.9 -0.048886
1.8 1.9 -0.049631
1.9 1.9 -0.05032
2 1.9 -0.050977
-2 2 0.00097454
-1.9 2 -0.00045359
-1.8 2 -0.0018489
-1.7 2 -0.0031699
-1.6 2 -0.0042992
-1.5 2 -0.0055288
-1.4 2 -0.0070304
-1.3 2 -0.008569
-1.2 2 -0.010109
-1.1 2 -0.011667
-1 2 -0.013112
-0.9 2 -0.014447
-0.8 2 -0.015836
-0.7 2 -0.017447
-0.6 2 -0.018812
-0.5 2 -0.020047
-0.4 2 -0.021279
-0.3 2 -0.022726
-0.2 2 -0.024172
-0.1 2 -0.025484
0 2 -0.026808
0.1 2 -0.028285
0.2 2 -0.029663
0.3 2 -0.031895
0.4 2 -0.033278
0.5 2 -0.035068
0.6 2 -0.03641
0.7 2 -0.037727
0.8 2 -0.038988
0.9 2 -0.040644
1 2 -0.041829
1.1 2 -0.043033
1.2 2 -0.04449
1.3 2 -0.045781
1.4 2 -0.046894
1.5 2 -0.047774
1.6 2 -0.048711
1.7 2 -0.049548
1.8 2 -0.050332
1.9 2 -0.05097
2 2 -0.051621
