-2 -2 -0.0014722
-1.9 -2 -0.0026712
-1.8 -2 -0.0037545
-1.7 -2 -0.0050327
-1.6 -2 -0.0062686
-1.5 -2 -0.0073921
-1.4 -2 -0.0085899
-1.3 -2 -0.0098936
-1.2 -2 -0.011116
-1.1 -2 -0.01237
-1 -2 -0.013896
-0.9 -2 -0.015155
-0.8 -2 -0.016412
-0.7 -2 -0.01755
-0.6 -2 -0.018759
-0.5 -2 -0.019905
-0.4 -2 -0.021272
-0.3 -2 -0.023208
-0.2 -2 -0.025033
-0.1 -2 -0.026497
0 -2 -0.028666
0.1 -2 -0.0304
0.2 -2 -0.031994
0.3 -2 -0.033284
0.4 -2 -0.034824
0.5 -2 -0.036344
0.6 -2 -0.037725
0.7 -2 -0.039047
0.8 -2 -0.04018
0.9 -2 -0.041339
1 -2 -0.042658
1.1 -2 -0.043562
1.2 -2 -0.044672
1.3 -2 -0.045844
1.4 -2 -0.046792
1.5 -2 -0.047638
1.6 -2 -0.048468
1.7 -2 -0.049204
1.8 -2 -0.049863
1.9 -2 -0.050538
2 -2 -0.051184
-2 -1.9 -0.00031741
-1.9 -1.9 -0.0015487
-1.8 -1.9 -0.0027844
-1.7 -1.9 -0.0040681
-1.6 -1.9 -0.0052764
-1.5 -1.9 -0.0063498
-1.4 -1.9 -0.0074701
-1.3 -1.9 -0.0087577
-1.2 -1.9 -0.0099877
-1.1 -1.9 -0.011284
-1 -1.9 -0.012839
-0.9 -1.9 -0.014116
-0.8 -1.9 -0.015422
-0.7 -1.9 -0.016571
-0.6 -1.9 -0.017723
-0.5 -1.9 -0.018887
-0.4 -1.9 -0.020156
-0.3 -1.9 -0.021558
-0.2 -1.9 -0.023938
-0.1 -1.9 -0.025449
0 -1.9 -0.027451
0.1 -1.9 -0.029115
0.2 -1.9 -0.031012
0.3 -1.9 -0.032371
0.4 -1.9 -0.033933
0.5 -1.9 -0.035622
0.6 -1.9 -0.036988
0.7 -1.9 -0.038215
0.8 -1.9 -0.039347
0.9 -1.9 -0.040577
1 -1.9 -0.041815
1.1 -1.9 -0.042725
1.2 -1.9 -0.04379
1.3 -1.9 -0.045007
1.4 -1.9 -0.045918
1.5 -1.9 -0.046725
1.6 -1.9 -0.047668
1.7 -1.9 -0.04846
1.8 -1.9 -0.049093
1.9 -1.9 -0.049816
2 -1.9 -0.050477
-2 -1.8 0.00085966
-1.9 -1.8 -0.0003347
-1.8 -1.8 -0.0016346
-1.7 -1.8 -0.002864
-1.6 -1.8 -0.0042961
-1.5 -1.8 -0.005371
-1.4 -1.8 -0.0064714
-1.3 -1.8 -0.0076512
-1.2 -1.8 -0.0088958
-1.1 -1.8 -0.01002
-1 -1.8 -0.011579
-0.9 -1.8 -0.012986
-0.8 -1.8 -0.014343
-0.7 -1.8 -0.015614
-0.6 -1.8 -0.016718
-0.5 -1.8 -0.017781
-0.4 -1.8 -0.01904
-0.3 -1.8 -0.020388
-0.2 -1.8 -0.022167
-0.1 -1.8 -0.02438
0 -1.8 -0.026296
0.1 -1.8 -0.027761
0.2 -1.8 -0.029588
0.3 -1.8 -0.0313
0.4 -1.8 -0.032945
0.5 -1.8 -0.034585
0.6 -1.8 -0.035891
0.7 -1.8 -0.037227
0.8 -1.8 -0.038428
0.9 -1.8 -0.039641
1 -1.8 -0.040977
1.1 -1.8 -0.041902
1.2 -1.8 -0.042994
1.3 -1.8 -0.044195
1.4 -1.8 -0.04518
1.5 -1.8 -0.045986
1.6 -1.8 -0.046845
1.7 -1.8 -0.047681
1.8 -1.8 -0.048516
1.9 -1.8 -0.049137
2 -1.8 -0.04974
-2 -1.7 0.0018762
-1.9 -1.7 0.00082293
-1.8 -1.7 -0.00046799
-1.7 -1.7 -0.00184
-1.6 -1.7 -0.0032269
-1.5 -1.7 -0.0044271
-1.4 -1.7 -0.0054594
-1.3 -1.7 -0.0065904
-1.2 -1.7 -0.0077357
-1.1 -1.7 -0.0089246
-1 -1.7 -0.010331
-0.9 -1.7 -0.011704
-0.8 -1.7 -0.013095
-0.7 -1.7 -0.014506
-0.6 -1.7 -0.015629
-0.5 -1.7 -0.016694
-0.4 -1.7 -0.017882
-0.3 -1.7 -0.019246
-0.2 -1.7 -0.020874
-0.1 -1.7 -0.023034
0 -1.7 -0.025086
0.1 -1.7 -0.026781
0.2 -1.7 -0.028459
0.3 -1.7 -0.030066
0.4 -1.7 -0.03179
0.5 -1.7 -0.033697
0.6 -1.7 -0.034887
0.7 -1.7 -0.036124
0.8 -1.7 -0.037428
0.9 -1.7 -0.038791
1 -1.7 -0.040046
1.1 -1.7 -0.041075
1.2 -1.7 -0.04227
1.3 -1.7 -0.043423
1.4 -1.7 -0.04445
1.5 -1.7 -0.04516
1.6 -1.7 -0.045963
1.7 -1.7 -0.046782
1.8 -1.7 -0.047598
1.9 -1.7 -0.048315
2 -1.7 -0.048987
-2 -1.6 0.0031242
-1.9 -1.6 0.0021675
-1.8 -1.6 0.00095229
-1.7 -1.6 -0.00044313
-1.6 -1.6 -0.0018435
-1.5 -1.6 -0.0031287
-1.4 -1.6 -0.0043654
-1.3 -1.6 -0.0055398
-1.2 -1.6 -0.0067075
-1.1 -1.6 -0.0078141
-1 -1.6 -0.0091365
-0.9 -1.6 -0.010629
-0.8 -1.6 -0.011899
-0.7 -1.6 -0.013339
-0.6 -1.6 -0.014496
-0.5 -1.6 -0.015586
-0.4 -1.6 -0.016765
-0.3 -1.6 -0.018078
-0.2 -1.6 -0.019578
-0.1 -1.6 -0.0215
0 -1.6 -0.02382
0.1 -1.6 -0.025686
0.2 -1.6 -0.027212
0.3 -1.6 -0.028955
0.4 -1.6 -0.030763
0.5 -1.6 -0.03263
0.6 -1.6 -0.033923
0.7 -1.6 -0.035098
0.8 -1.6 -0.036409
0.9 -1.6 -0.037778
1 -1.6 -0.039067
1.1 -1.6 -0.040191
1.2 -1.6 -0.041289
1.3 -1.6 -0.042361
1.4 -1.6 -0.043502
1.5 -1.6 -0.044347
1.6 -1.6 -0.045121
1.7 -1.6 -0.045983
1.8 -1.6 -0.046837
1.9 -1.6 -0.047589
2 -1.6 -0.048239
-2 -1.5 0.0049082
-1.9 -1.5 0.0036187
-1.8 -1.5 0.00247
-1.7 -1.5 0.0010387
-1.6 -1.5 -0.0002983
-1.5 -1.5 -0.0019192
-1.4 -1.5 -0.0031114
-1.3 -1.5 -0.0043236
-1.2 -1.5 -0.0056592
-1.1 -1.5 -0.0067743
-1 -1.5 -0.007966
-0.9 -1.5 -0.0094079
-0.8 -1.5 -0.010732
-0.7 -1.5 -0.012117
-0.6 -1.5 -0.013271
-0.5 -1.5 -0.014481
-0.4 -1.5 -0.015644
-0.3 -1.5 -0.016955
-0.2 -1.5 -0.018417
-0.1 -1.5 -0.020159
0 -1.5 -0.022057
0.1 -1.5 -0.024229
0.2 -1.5 -0.025815
0.3 -1.5 -0.02777
0.4 -1.5 -0.029724
0.5 -1.5 -0.031405
0.6 -1.5 -0.032742
0.7 -1.5 -0.033944
0.8 -1.5 -0.035202
0.9 -1.5 -0.036615
1 -1.5 -0.037886
1.1 -1.5 -0.038978
1.2 -1.5 -0.040229
1.3 -1.5 -0.041246
1.4 -1.5 -0.042384
1.5 -1.5 -0.043396
1.6 -1.5 -0.044236
1.7 -1.5 -0.045091
1.8 -1.5 -0.045865
1.9 -1.5 -0.046691
2 -1.5 -0.047356
-2 -1.4 0.0064241
-1.9 -1.4 0.0050173
-1.8 -1.4 0.0039142
-1.7 -1.4 0.0025858
-1.6 -1.4 0.0011702
-1.5 -1.4 -0.00029071
-1.4 -1.4 -0.0016534
-1.3 -1.4 -0.0029238
-1.2 -1.4 -0.0043603
-1.1 -1.4 -0.0056518
-1 -1.4 -0.0068976
-0.9 -1.4 -0.0082785
-0.8 -1.4 -0.0095547
-0.7 -1.4 -0.010981
-0.6 -1.4 -0.012093
-0.5 -1.4 -0.013205
-0.4 -1.4 -0.014464
-0.3 -1.4 -0.015731
-0.2 -1.4 -0.017195
-0.1 -1.4 -0.018841
0 -1.4 -0.020619
0.1 -1.4 -0.022716
0.2 -1.4 -0.024439
0.3 -1.4 -0.026303
0.4 -1.4 -0.028343
0.5 -1.4 -0.030095
0.6 -1.4 -0.031506
0.7 -1.4 -0.032619
0.8 -1.4 -0.033928
0.9 -1.4 -0.035298
1 -1.4 -0.03663
1.1 -1.4 -0.037805
1.2 -1.4 -0.038985
1.3 -1.4 -0.040073
1.4 -1.4 -0.041227
1.5 -1.4 -0.042303
1.6 -1.4 -0.04324
1.7 -1.4 -0.044081
1.8 -1.4 -0.044903
1.9 -1.4 -0.045748
2 -1.4 -0.046462
-2 -1.3 0.0082714
-1.9 -1.3 0.0068697
-1.8 -1.3 0.005499
-1.7 -1.3 0.0041986
-1.6 -1.3 0.0027169
-1.5 -1.3 0.0015384
-1.4 -1.3 -1.9782e-05
-1.3 -1.3 -0.0012613
-1.2 -1.3 -0.0027513
-1.1 -1.3 -0.0040683
-1 -1.3 -0.0053811
-0.9 -1.3 -0.006859
-0.8 -1.3 -0.0082422
-0.7 -1.3 -0.0096305
-0.6 -1.3 -0.010793
-0.5 -1.3 -0.011958
-0.4 -1.3 -0.013146
-0.3 -1.3 -0.014516
-0.2 -1.3 -0.016069
-0.1 -1.3 -0.017514
0 -1.3 -0.019146
0.1 -1.3 -0.020995
0.2 -1.3 -0.022977
0.3 -1.3 -0.024825
0.4 -1.3 -0.026974
0.5 -1.3 -0.028813
0.6 -1.3 -0.030312
0.7 -1.3 -0.031481
0.8 -1.3 -0.032778
0.9 -1.3 -0.034107
1 -1.3 -0.035445
1.1 -1.3 -0.036792
1.2 -1.3 -0.037972
1.3 -1.3 -0.038946
1.4 -1.3 -0.039952
1.5 -1.3 -0.041096
1.6 -1.3 -0.042144
1.7 -1.3 -0.042906
1.8 -1.3 -0.043854
1.9 -1.3 -0.044728
2 -1.3 -0.04547
-2 -1.2 0.0098722
-1.9 -1.2 0.0087289
-1.8 -1.2 0.0073621
-1.7 -1.2 0.0061228
-1.6 -1.2 0.0044515
-1.5 -1.2 0.0031031
-1.4 -1.2 0.001755
-1.3 -1.2 0.00024465
-1.2 -1.2 -0.001062
-1.1 -1.2 -0.0025094
-1 -1.2 -0.003848
-0.9 -1.2 -0.0051662
-0.8 -1.2 -0.0066294
-0.7 -1.2 -0.0080656
-0.6 -1.2 -0.009315
-0.5 -1.2 -0.010464
-0.4 -1.2 -0.011662
-0.3 -1.2 -0.013018
-0.2 -1.2 -0.014526
-0.1 -1.2 -0.015964
0 -1.2 -0.017658
0.1 -1.2 -0.019349
0.2 -1.2 -0.021487
0.3 -1.2 -0.02334
0.4 -1.2 -0.025674
0.5 -1.2 -0.027524
0.6 -1.2 -0.029107
0.7 -1.2 -0.030309
0.8 -1.2 -0.031728
0.9 -1.2 -0.032992
1 -1.2 -0.034233
1.1 -1.2 -0.035535
1.2 -1.2 -0.036844
1.3 -1.2 -0.037904
1.4 -1.2 -0.038841
1.5 -1.2 -0.039787
1.6 -1.2 -0.040831
1.7 -1.2 -0.041642
1.8 -1.2 -0.042698
1.9 -1.2 -0.043582
2 -1.2 -0.044471
-2 -1.1 0.01205
-1.9 -1.1 0.010675
-1.8 -1.1 0.0089616
-1.7 -1.1 0.0078308
-1.6 -1.1 0.0064718
-1.5 -1.1 0.0049356
-1.4 -1.1 0.0036063
-1.3 -1.1 0.0018247
-1.2 -1.1 0.00042672
-1.1 -1.1 -0.0009099
-1 -1.1 -0.0022857
-0.9 -1.1 -0.0035655
-0.8 -1.1 -0.0050174
-0.7 -1.1 -0.0065606
-0.6 -1.1 -0.007783
-0.5 -1.1 -0.0089072
-0.4 -1.1 -0.010205
-0.3 -1.1 -0.011655
-0.2 -1.1 -0.013037
-0.1 -1.1 -0.014293
0 -1.1 -0.015914
0.1 -1.1 -0.017634
0.2 -1.1 -0.019703
0.3 -1.1 -0.021689
0.4 -1.1 -0.023822
0.5 -1.1 -0.025822
0.6 -1.1 -0.027304
0.7 -1.1 -0.028799
0.8 -1.1 -0.030279
0.9 -1.1 -0.031642
1 -1.1 -0.032834
1.1 -1.1 -0.034109
1.2 -1.1 -0.035395
1.3 -1.1 -0.036419
1.4 -1.1 -0.037497
1.5 -1.1 -0.038569
1.6 -1.1 -0.039687
1.7 -1.1 -0.040517
1.8 -1.1 -0.041379
1.9 -1.1 -0.042264
2 -1.1 -0.043036
-2 -1 0.013419
-1.9 -1 0.012254
-1.8 -1 0.010735
-1.7 -1 0.0095515
-1.6 -1 0.0078012
-1.5 -1 0.006507
-1.4 -1 0.0052032
-1.3 -1 0.003597
-1.2 -1 0.0021321
-1.1 -1 0.00057856
-1 -1 -0.00080867
-0.9 -1 -0.0020771
-0.8 -1 -0.0035139
-0.7 -1 -0.0050604
-0.6 -1 -0.0063767
-0.5 -1 -0.0075556
-0.4 -1 -0.0089031
-0.3 -1 -0.01043
-0.2 -1 -0.011805
-0.1 -1 -0.012982
0 -1 -0.014423
0.1 -1 -0.01624
0.2 -1 -0.018102
0.3 -1 -0.019818
0.4 -1 -0.022145
0.5 -1 -0.02424
0.6 -1 -0.025757
0.7 -1 -0.027306
0.8 -1 -0.028909
0.9 -1 -0.030296
1 -1 -0.031551
1.1 -1 -0.032829
1.2 -1 -0.033977
1.3 -1 -0.035068
1.4 -1 -0.035941
1.5 -1 -0.036919
1.6 -1 -0.03812
1.7 -1 -0.039093
1.8 -1 -0.040017
1.9 -1 -0.040863
2 -1 -0.041579
-2 -0.9 0.014819
-1.9 -0.9 0.013817
-1.8 -0.9 0.012537
-1.7 -0.9 0.010984
-1.6 -0.9 0.0096337
-1.5 -0.9 0.0083936
-1.4 -0.9 0.006659
-1.3 -0.9 0.0052776
-1.2 -0.9 0.0036229
-1.1 -0.9 0.0020832
-1 -0.9 0.00070864
-0.9 -0.9 -0.00050626
-0.8 -0.9 -0.001997
-0.7 -0.9 -0.0035307
-0.6 -0.9 -0.0048308
-0.5 -0.9 -0.0060678
-0.4 -0.9 -0.0076463
-0.3 -0.9 -0.0091226
-0.2 -0.9 -0.01045
-0.1 -0.9 -0.011604
0 -0.9 -0.013003
0.1 -0.9 -0.01469
0.2 -0.9 -0.016519
0.3 -0.9 -0.018402
0.4 -0.9 -0.020569
0.5 -0.9 -0.022718
0.6 -0.9 -0.024256
0.7 -0.9 -0.025765
0.8 -0.9 -0.027528
0.9 -0.9 -0.028769
1 -0.9 -0.030169
1.1 -0.9 -0.031529
1.2 -0.9 -0.03279
1.3 -0.9 -0.03379
1.4 -0.9 -0.034792
1.5 -0.9 -0.035686
1.6 -0.9 -0.036717
1.7 -0.9 -0.037809
1.8 -0.9 -0.038684
1.9 -0.9 -0.039486
2 -0.9 -0.040293
-2 -0.8 0.015879
-1.9 -0.8 0.015113
-1.8 -0.8 0.014101
-1.7 -0.8 0.012742
-1.6 -0.8 0.011294
-1.5 -0.8 0.0099162
-1.4 -0.8 0.0084551
-1.3 -0.8 0.007105
-1.2 -0.8 0.0050581
-1.1 -0.8 0.0035433
-1 -0.8 0.0021055
-0.9 -0.8 0.00084844
-0.8 -0.8 -0.0003934
-0.7 -0.8 -0.0018574
-0.6 -0.8 -0.0032717
-0.5 -0.8 -0.004653
-0.4 -0.8 -0.0061948
-0.3 -0.8 -0.0076977
-0.2 -0.8 -0.0091509
-0.1 -0.8 -0.010151
0 -0.8 -0.011391
0.1 -0.8 -0.012993
0.2 -0.8 -0.01483
0.3 -0.8 -0.016567
0.4 -0.8 -0.018673
0.5 -0.8 -0.021048
0.6 -0.8 -0.022807
0.7 -0.8 -0.024402
0.8 -0.8 -0.026095
0.9 -0.8 -0.027628
1 -0.8 -0.028864
1.1 -0.8 -0.030346
1.2 -0.8 -0.0315
1.3 -0.8 -0.032492
1.4 -0.8 -0.033449
1.5 -0.8 -0.034405
1.6 -0.8 -0.03536
1.7 -0.8 -0.036353
1.8 -0.8 -0.037325
1.9 -0.8 -0.038276
2 -0.8 -0.039149
-2 -0.7 0.017204
-1.9 -0.7 0.016383
-1.8 -0.7 0.015426
-1.7 -0.7 0.014403
-1.6 -0.7 0.012899
-1.5 -0.7 0.011568
-1.4 -0.7 0.010263
-1.3 -0.7 0.0088573
-1.2 -0.7 0.0072789
-1.1 -0.7 0.0054667
-1 -0.7 0.0036131
-0.9 -0.7 0.0022461
-0.8 -0.7 0.00093525
-0.7 -0.7 -0.00039063
-0.6 -0.7 -0.0018436
-0.5 -0.7 -0.0031185
-0.4 -0.7 -0.0045196
-0.3 -0.7 -0.0059615
-0.2 -0.7 -0.0074666
-0.1 -0.7 -0.0085002
0 -0.7 -0.0098377
0.1 -0.7 -0.011287
0.2 -0.7 -0.013084
0.3 -0.7 -0.014889
0.4 -0.7 -0.017164
0.5 -0.7 -0.0192
0.6 -0.7 -0.021233
0.7 -0.7 -0.022963
0.8 -0.7 -0.024661
0.9 -0.7 -0.026192
1 -0.7 -0.027648
1.1 -0.7 -0.028995
1.2 -0.7 -0.030163
1.3 -0.7 -0.031151
1.4 -0.7 -0.032026
1.5 -0.7 -0.033026
1.6 -0.7 -0.034061
1.7 -0.7 -0.035071
1.8 -0.7 -0.036005
1.9 -0.7 -0.036824
2 -0.7 -0.03774
-2 -0.6 0.018518
-1.9 -0.6 0.017623
-1.8 -0.6 0.016817
-1.7 -0.6 0.015763
-1.6 -0.6 0.014375
-1.5 -0.6 0.013222
-1.4 -0.6 0.011789
-1.3 -0.6 0.010373
-1.2 -0.6 0.0089273
-1.1 -0.6 0.0072486
-1 -0.6 0.0057233
-0.9 -0.6 0.0041937
-0.8 -0.6 0.0024037
-0.7 -0.6 0.001102
-0.6 -0.6 -0.00034137
-0.5 -0.6 -0.0017105
-0.4 -0.6 -0.0030838
-0.3 -0.6 -0.0043365
-0.2 -0.6 -0.0057675
-0.1 -0.6 -0.0070048
0 -0.6 -0.0083292
0.1 -0.6 -0.010028
0.2 -0.6 -0.011708
0.3 -0.6 -0.013396
0.4 -0.6 -0.015359
0.5 -0.6 -0.017536
0.6 -0.6 -0.019446
0.7 -0.6 -0.021349
0.8 -0.6 -0.022914
0.9 -0.6 -0.024459
1 -0.6 -0.025959
1.1 -0.6 -0.027512
1.2 -0.6 -0.028594
1.3 -0.6 -0.029659
1.4 -0.6 -0.030629
1.5 -0.6 -0.031505
1.6 -0.6 -0.032522
1.7 -0.6 -0.033382
1.8 -0.6 -0.034485
1.9 -0.6 -0.035254
2 -0.6 -0.035951
-2 -0.5 0.019908
-1.9 -0.5 0.018882
-1.8 -0.5 0.018016
-1.7 -0.5 0.017129
-1.6 -0.5 0.015732
-1.5 -0.5 0.014695
-1.4 -0.5 0.013356
-1.3 -0.5 0.011904
-1.2 -0.5 0.010343
-1.1 -0.5 0.0087788
-1 -0.5 0.0073003
-0.9 -0.5 0.0059123
-0.8 -0.5 0.004581
-0.7 -0.5 0.0030889
-0.6 -0.5 0.0011006
-0.5 -0.5 -0.0001798
-0.4 -0.5 -0.0015767
-0.3 -0.5 -0.00301
-0.2 -0.5 -0.0042768
-0.1 -0.5 -0.0054516
0 -0.5 -0.006604
0.1 -0.5 -0.0082458
0.2 -0.5 -0.0097387
0.3 -0.5 -0.011571
0.4 -0.5 -0.013475
0.5 -0.5 -0.015653
0.6 -0.5 -0.017452
0.7 -0.5 -0.019419
0.8 -0.5 -0.020927
0.9 -0.5 -0.022526
1 -0.5 -0.024031
1.1 -0.5 -0.025785
1.2 -0.5 -0.026943
1.3 -0.5 -0.02806
1.4 -0.5 -0.029045
1.5 -0.5 -0.030082
1.6 -0.5 -0.031007
1.7 -0.5 -0.032022
1.8 -0.5 -0.032982
1.9 -0.5 -0.033876
2 -0.5 -0.034592
-2 -0.4 0.021374
-1.9 -0.4 0.020476
-1.8 -0.4 0.019571
-1.7 -0.4 0.018673
-1.6 -0.4 0.017562
-1.5 -0.4 0.016186
-1.4 -0.4 0.015016
-1.3 -0.4 0.013632
-1.2 -0.4 0.012067
-1.1 -0.4 0.010513
-1 -0.4 0.0090153
-0.9 -0.4 0.0075909
-0.8 -0.4 0.0061712
-0.7 -0.4 0.0047353
-0.6 -0.4 0.0031566
-0.5 -0.4 0.0017547
-0.4 -0.4 -1.6817e-05
-0.3 -0.4 -0.0016218
-0.2 -0.4 -0.0029107
-0.1 -0.4 -0.0040145
0 -0.4 -0.005207
0.1 -0.4 -0.0067949
0.2 -0.4 -0.0081337
0.3 -0.4 -0.0098253
0.4 -0.4 -0.011564
0.5 -0.4 -0.013699
0.6 -0.4 -0.015806
0.7 -0.4 -0.017416
0.8 -0.4 -0.019226
0.9 -0.4 -0.020794
1 -0.4 -0.022294
1.1 -0.4 -0.024106
1.2 -0.4 -0.025384
1.3 -0.4 -0.026469
1.4 -0.4 -0.02764
1.5 -0.4 -0.028516
1.6 -0.4 -0.029586
1.7 -0.4 -0.030643
1.8 -0.4 -0.031747
1.9 -0.4 -0.032655
2 -0.4 -0.033303
-2 -0.3 0.022748
-1.9 -0.3 0.02187
-1.8 -0.3 0.021009
-1.7 -0.3 0.020101
-1.6 -0.3 0.019112
-1.5 -0.3 0.017606
-1.4 -0.3 0.016531
-1.3 -0.3 0.015231
-1.2 -0.3 0.013721
-1.1 -0.3 0.012055
-1 -0.3 0.010467
-0.9 -0.3 0.009088
-0.8 -0.3 0.0076809
-0.7 -0.3 0.0061427
-0.6 -0.3 0.0044467
-0.5 -0.3 0.0028886
-0.4 -0.3 0.0016011
-0.3 -0.3 0.00026896
-0.2 -0.3 -0.0010499
-0.1 -0.3 -0.0025537
0 -0.3 -0.0038386
0.1 -0.3 -0.0054606
0.2 -0.3 -0.0067249
0.3 -0.3 -0.0081185
0.4 -0.3 -0.01002
0.5 -0.3 -0.011927
0.6 -0.3 -0.013903
0.7 -0.3 -0.015632
0.8 -0.3 -0.017557
0.9 -0.3 -0.019223
1 -0.3 -0.020624
1.1 -0.3 -0.02245
1.2 -0.3 -0.023822
1.3 -0.3 -0.02497
1.4 -0.3 -0.026172
1.5 -0.3 -0.027215
1.6 -0.3 -0.028207
1.7 -0.3 -0.02928
1.8 -0.3 -0.030375
1.9 -0.3 -0.031293
2 -0.3 -0.032054
-2 -0.2 0.024479
-1.9 -0.2 0.023371
-1.8 -0.2 0.022492
-1.7 -0.2 0.021649
-1.6 -0.2 0.020657
-1.5 -0.2 0.019194
-1.4 -0.2 0.017959
-1.3 -0.2 0.016738
-1.2 -0.2 0.015216
-1.1 -0.2 0.013682
-1 -0.2 0.01216
-0.9 -0.2 0.010484
-0.8 -0.2 0.0090276
-0.7 -0.2 0.0076237
-0.6 -0.2 0.005691
-0.5 -0.2 0.0040583
-0.4 -0.2 0.002679
-0.3 -0.2 0.0014537
-0.2 -0.2 0.00037902
-0.1 -0.2 -0.00071682
0 -0.2 -0.0020918
0.1 -0.2 -0.0039611
0.2 -0.2 -0.0053996
0.3 -0.2 -0.0066724
0.4 -0.2 -0.0085875
0.5 -0.2 -0.010399
0.6 -0.2 -0.012206
0.7 -0.2 -0.014047
0.8 -0.2 -0.015557
0.9 -0.2 -0.017413
1 -0.2 -0.018818
1.1 -0.2 -0.020601
1.2 -0.2 -0.02221
1.3 -0.2 -0.023455
1.4 -0.2 -0.024707
1.5 -0.2 -0.025882
1.6 -0.2 -0.026828
1.7 -0.2 -0.027774
1.8 -0.2 -0.028903
1.9 -0.2 -0.030078
2 -0.2 -0.030966
-2 -0.1 0.026351
-1.9 -0.1 0.025314
-1.8 -0.1 0.024059
-1.7 -0.1 0.023113
-1.6 -0.1 0.02212
-1.5 -0.1 0.021055
-1.4 -0.1 0.019568
-1.3 -0.1 0.018189
-1.2 -0.1 0.016728
-1.1 -0.1 0.015176
-1 -0.1 0.013803
-0.9 -0.1 0.012044
-0.8 -0.1 0.010365
-0.7 -0.1 0.0089517
-0.6 -0.1 0.0072569
-0.5 -0.1 0.0053527
-0.4 -0.1 0.0040007
-0.3 -0.1 0.0026824
-0.2 -0.1 0.0015577
-0.1 -0.1 0.00046369
0 -0.1 -0.00080227
0.1 -0.1 -0.0022989
0.2 -0.1 -0.0035941
0.3 -0.1 -0.0050925
0.4 -0.1 -0.0070612
0.5 -0.1 -0.0089124
0.6 -0.1 -0.010595
0.7 -0.1 -0.012391
0.8 -0.1 -0.013993
0.9 -0.1 -0.015469
1 -0.1 -0.017057
1.1 -0.1 -0.018843
1.2 -0.1 -0.020353
1.3 -0.1 -0.021664
1.4 -0.1 -0.022903
1.5 -0.1 -0.024243
1.6 -0.1 -0.025452
1.7 -0.1 -0.026518
1.8 -0.1 -0.027575
1.9 -0.1 -0.028575
2 -0.1 -0.029517
-2 0 0.027866
-1.9 0 0.027045
-1.8 0 0.025957
-1.7 0 0.024873
-1.6 0 0.023815
-1.5 0 0.022655
-1.4 0 0.021335
-1.3 0 0.019976
-1.2 0 0.018481
-1.1 0 0.016893
-1 0 0.01538
-0.9 0 0.013865
-0.8 0 0.012001
-0.7 0 0.010428
-0.6 0 0.0087142
-0.5 0 0.006777
-0.4 0 0.0051829
-0.3 0 0.0039225
-0.2 0 0.0028095
-0.1 0 0.0017143
0 0 0.00041196
0.1 0 -0.00095451
0.2 0 -0.0022733
0.3 0 -0.0034191
0.4 0 -0.0051819
0.5 0 -0.0072569
0.6 0 -0.0087313
0.7 0 -0.010703
0.8 0 -0.01238
0.9 0 -0.014092
1 0 -0.015533
1.1 0 -0.017266
1.2 0 -0.018558
1.3 0 -0.019894
1.4 0 -0.021244
1.5 0 -0.022381
1.6 0 -0.023577
1.7 0 -0.024994
1.8 0 -0.026098
1.9 0 -0.027132
2 0 -0.028038
-2 0.1 0.029638
-1.9 0.1 0.028515
-1.8 0.1 0.027609
-1.7 0.1 0.02648
-1.6 0.1 0.025489
-1.5 0.1 0.024388
-1.4 0.1 0.023136
-1.3 0.1 0.021464
-1.2 0.1 0.019977
-1.1 0.1 0.018465
-1 0.1 0.017009
-0.9 0.1 0.015472
-0.8 0.1 0.0138
-0.7 0.1 0.012129
-0.6 0.1 0.010385
-0.5 0.1 0.0084146
-0.4 0.1 0.0067839
-0.3 0.1 0.0054521
-0.2 0.1 0.0043235
-0.1 0.1 0.0029249
0 0.1 0.0017537
0.1 0.1 0.00033019
0.2 0.1 -0.0010153
0.3 0.1 -0.002096
0.4 0.1 -0.0036725
0.5 0.1 -0.0055358
0.6 0.1 -0.0071147
0.7 0.1 -0.0092059
0.8 0.1 -0.010627
0.9 0.1 -0.012202
1 0.1 -0.013684
1.1 0.1 -0.015483
1.2 0.1 -0.01685
1.3 0.1 -0.018054
1.4 0.1 -0.019345
1.5 0.1 -0.020637
1.6 0.1 -0.021923
1.7 0.1 -0.023185
1.8 0.1 -0.024347
1.9 0.1 -0.025488
2 0.1 -0.026664
-2 0.2 0.031023
-1.9 0.2 0.030103
-1.8 0.2 0.02913
-1.7 0.2 0.028102
-1.6 0.2 0.027076
-1.5 0.2 0.026092
-1.4 0.2 0.024938
-1.3 0.2 0.023421
-1.2 0.2 0.021662
-1.1 0.2 0.019989
-1 0.2 0.018453
-0.9 0.2 0.016994
-0.8 0.2 0.015391
-0.7 0.2 0.013546
-0.6 0.2 0.011595
-0.5 0.2 0.009836
-0.4 0.2 0.008157
-0.3 0.2 0.006704
-0.2 0.2 0.0056166
-0.1 0.2 0.0042842
0 0.2 0.0031674
0.1 0.2 0.0019473
0.2 0.2 0.00046148
0.3 0.2 -0.00070958
0.4 0.2 -0.0020872
0.5 0.2 -0.0040255
0.6 0.2 -0.0053749
0.7 0.2 -0.0068107
0.8 0.2 -0.0083108
0.9 0.2 -0.010112
1 0.2 -0.011845
1.1 0.2 -0.013466
1.2 0.2 -0.015142
1.3 0.2 -0.016524
1.4 0.2 -0.017691
1.5 0.2 -0.019082
1.6 0.2 -0.020285
1.7 0.2 -0.021539
1.8 0.2 -0.022787
1.9 0.2 -0.023915
2 0.2 -0.024937
-2 0.3 0.032378
-1.9 0.3 0.031478
-1.8 0.3 0.030712
-1.7 0.3 0.029699
-1.6 0.3 0.028614
-1.5 0.3 0.027483
-1.4 0.3 0.026383
-1.3 0.3 0.025012
-1.2 0.3 0.023626
-1.1 0.3 0.022005
-1 0.3 0.020141
-0.9 0.3 0.018476
-0.8 0.3 0.017115
-0.7 0.3 0.01514
-0.6 0.3 0.013237
-0.5 0.3 0.011353
-0.4 0.3 0.0097146
-0.3 0.3 0.0083773
-0.2 0.3 0.0070531
-0.1 0.3 0.00564
0 0.3 0.0044704
0.1 0.3 0.003229
0.2 0.3 0.0020994
0.3 0.3 0.00089969
0.4 0.3 -0.00054098
0.5 0.3 -0.0023265
0.6 0.3 -0.0036861
0.7 0.3 -0.0050781
0.8 0.3 -0.0066325
0.9 0.3 -0.0080483
1 0.3 -0.0097065
1.1 0.3 -0.011702
1.2 0.3 -0.013422
1.3 0.3 -0.014713
1.4 0.3 -0.015792
1.5 0.3 -0.016911
1.6 0.3 -0.018593
1.7 0.3 -0.019873
1.8 0.3 -0.021084
1.9 0.3 -0.022368
2 0.3 -0.023413
-2 0.4 0.033851
-1.9 0.4 0.032945
-1.8 0.4 0.032067
-1.7 0.4 0.031097
-1.6 0.4 0.0301
-1.5 0.4 0.028903
-1.4 0.4 0.027844
-1.3 0.4 0.026688
-1.2 0.4 0.025074
-1.1 0.4 0.023496
-1 0.4 0.021999
-0.9 0.4 0.020393
-0.8 0.4 0.018965
-0.7 0.4 0.017184
-0.6 0.4 0.015072
-0.5 0.4 0.013202
-0.4 0.4 0.011477
-0.3 0.4 0.010099
-0.2 0.4 0.0087987
-0.1 0.4 0.0073383
0 0.4 0.0061134
0.1 0.4 0.004844
0.2 0.4 0.0036862
0.3 0.4 0.0027032
0.4 0.4 0.0011202
0.5 0.4 -0.00076373
0.6 0.4 -0.002423
0.7 0.4 -0.0037129
0.8 0.4 -0.0052207
0.9 0.4 -0.0066304
1 0.4 -0.0081866
1.1 0.4 -0.0098592
1.2 0.4 -0.011342
1.3 0.4 -0.013219
1.4 0.4 -0.014454
1.5 0.4 -0.015559
1.6 0.4 -0.01678
1.7 0.4 -0.017984
1.8 0.4 -0.019188
1.9 0.4 -0.020424
2 0.4 -0.021658
-2 0.5 0.035245
-1.9 0.5 0.034259
-1.8 0.5 0.033421
-1.7 0.5 0.032616
-1.6 0.5 0.031569
-1.5 0.5 0.030663
-1.4 0.5 0.029275
-1.3 0.5 0.028173
-1.2 0.5 0.02656
-1.1 0.5 0.025096
-1 0.5 0.023557
-0.9 0.5 0.021973
-0.8 0.5 0.020712
-0.7 0.5 0.019518
-0.6 0.5 0.017453
-0.5 0.5 0.015533
-0.4 0.5 0.013706
-0.3 0.5 0.012043
-0.2 0.5 0.010392
-0.1 0.5 0.008851
0 0.5 0.0076052
0.1 0.5 0.0065259
0.2 0.5 0.0052334
0.3 0.5 0.0041003
0.4 0.5 0.0026158
0.5 0.5 0.00059294
0.6 0.5 -0.001097
0.7 0.5 -0.0023508
0.8 0.5 -0.0038284
0.9 0.5 -0.0052209
1 0.5 -0.0068273
1.1 0.5 -0.0085255
1.2 0.5 -0.010007
1.3 0.5 -0.011349
1.4 0.5 -0.012559
1.5 0.5 -0.014119
1.6 0.5 -0.015255
1.7 0.5 -0.01651
1.8 0.5 -0.017626
1.9 0.5 -0.018621
2 0.5 -0.019638
-2 0.6 0.036516
-1.9 0.6 0.03576
-1.8 0.6 0.034765
-1.7 0.6 0.033924
-1.6 0.6 0.032899
-1.5 0.6 0.031989
-1.4 0.6 0.030726
-1.3 0.6 0.029466
-1.2 0.6 0.027984
-1.1 0.6 0.026795
-1 0.6 0.025473
-0.9 0.6 0.023841
-0.8 0.6 0.022418
-0.7 0.6 0.021163
-0.6 0.6 0.019534
-0.5 0.6 0.017505
-0.4 0.6 0.015777
-0.3 0.6 0.014215
-0.2 0.6 0.012283
-0.1 0.6 0.010811
0 0.6 0.0094384
0.1 0.6 0.0083405
0.2 0.6 0.006955
0.3 0.6 0.0055936
0.4 0.6 0.0042022
0.5 0.6 0.0024717
0.6 0.6 0.00071694
0.7 0.6 -0.000695
0.8 0.6 -0.0020522
0.9 0.6 -0.0033813
1 0.6 -0.0050857
1.1 0.6 -0.0066356
1.2 0.6 -0.0082672
1.3 0.6 -0.0094979
1.4 0.6 -0.010837
1.5 0.6 -0.011994
1.6 0.6 -0.013074
1.7 0.6 -0.014672
1.8 0.6 -0.015963
1.9 0.6 -0.017095
2 0.6 -0.018121
-2 0.7 0.037692
-1.9 0.7 0.036974
-1.8 0.7 0.036203
-1.7 0.7 0.035307
-1.6 0.7 0.034506
-1.5 0.7 0.033731
-1.4 0.7 0.03282
-1.3 0.7 0.031454
-1.2 0.7 0.030144
-1.1 0.7 0.028616
-1 0.7 0.027237
-0.9 0.7 0.025702
-0.8 0.7 0.02429
-0.7 0.7 0.022807
-0.6 0.7 0.02154
-0.5 0.7 0.019542
-0.4 0.7 0.018008
-0.3 0.7 0.016592
-0.2 0.7 0.014804
-0.1 0.7 0.01289
0 0.7 0.011499
0.1 0.7 0.010271
0.2 0.7 0.0088192
0.3 0.7 0.0074669
0.4 0.7 0.0059458
0.5 0.7 0.0040891
0.6 0.7 0.002559
0.7 0.7 0.00086453
0.8 0.7 -0.0004641
0.9 0.7 -0.0019765
1 0.7 -0.0037388
1.1 0.7 -0.0052109
1.2 0.7 -0.006998
1.3 0.7 -0.0082224
1.4 0.7 -0.0093188
1.5 0.7 -0.010759
1.6 0.7 -0.011795
1.7 0.7 -0.012897
1.8 0.7 -0.014098
1.9 0.7 -0.015861
2 0.7 -0.016908
-2 0.8 0.039224
-1.9 0.8 0.038508
-1.8 0.8 0.037741
-1.7 0.8 0.036891
-1.6 0.8 0.036024
-1.5 0.8 0.035158
-1.4 0.8 0.034292
-1.3 0.8 0.033224
-1.2 0.8 0.031867
-1.1 0.8 0.03037
-1 0.8 0.028829
-0.9 0.8 0.027432
-0.8 0.8 0.025971
-0.7 0.8 0.024407
-0.6 0.8 0.023215
-0.5 0.8 0.021533
-0.4 0.8 0.019829
-0.3 0.8 0.018055
-0.2 0.8 0.016473
-0.1 0.8 0.014768
0 0.8 0.013292
0.1 0.8 0.011792
0.2 0.8 0.010298
0.3 0.8 0.0087763
0.4 0.8 0.007354
0.5 0.8 0.0054886
0.6 0.8 0.0039048
0.7 0.8 0.0023959
0.8 0.8 0.001127
0.9 0.8 -0.00041246
1 0.8 -0.0021623
1.1 0.8 -0.0037437
1.2 0.8 -0.0054482
1.3 0.8 -0.0069418
1.4 0.8 -0.008093
1.5 0.8 -0.0094106
1.6 0.8 -0.010522
1.7 0.8 -0.011635
1.8 0.8 -0.012736
1.9 0.8 -0.013988
2 0.8 -0.015182
-2 0.9 0.04094
-1.9 0.9 0.040093
-1.8 0.9 0.039354
-1.7 0.9 0.038489
-1.6 0.9 0.037529
-1.5 0.9 0.036551
-1.4 0.9 0.035516
-1.3 0.9 0.034501
-1.2 0.9 0.033391
-1.1 0.9 0.03208
-1 0.9 0.030522
-0.9 0.9 0.029177
-0.8 0.9 0.02767
-0.7 0.9 0.025976
-0.6 0.9 0.024587
-0.5 0.9 0.023197
-0.4 0.9 0.02138
-0.3 0.9 0.019483
-0.2 0.9 0.017811
-0.1 0.9 0.016235
0 0.9 0.014893
0.1 0.9 0.013601
0.2 0.9 0.011952
0.3 0.9 0.010289
0.4 0.9 0.0087776
0.5 0.9 0.0070623
0.6 0.9 0.0054018
0.7 0.9 0.0038481
0.8 0.9 0.0024689
0.9 0.9 0.00096242
1 0.9 -0.00074718
1.1 0.9 -0.0023804
1.2 0.9 -0.0038913
1.3 0.9 -0.0054777
1.4 0.9 -0.0067838
1.5 0.9 -0.0079108
1.6 0.9 -0.0092735
1.7 0.9 -0.010387
1.8 0.9 -0.011482
1.9 0.9 -0.012593
2 0.9 -0.013782
-2 1 0.042386
-1.9 1 0.041559
-1.8 1 0.040567
-1.7 1 0.039706
-1.6 1 0.038678
-1.5 1 0.037824
-1.4 1 0.036654
-1.3 1 0.035535
-1.2 1 0.034499
-1.1 1 0.033397
-1 1 0.03194
-0.9 1 0.030733
-0.8 1 0.029347
-0.7 1 0.027462
-0.6 1 0.025889
-0.5 1 0.024411
-0.4 1 0.022512
-0.3 1 0.020686
-0.2 1 0.019176
-0.1 1 0.017649
0 1 0.016235
0.1 1 0.015069
0.2 1 0.013576
0.3 1 0.012011
0.4 1 0.01057
0.5 1 0.0085605
0.6 1 0.0069533
0.7 1 0.0054234
0.8 1 0.0039572
0.9 1 0.0023606
1 1 0.00055153
1.1 1 -0.00097138
1.2 1 -0.002572
1.3 1 -0.0041491
1.4 1 -0.005463
1.5 1 -0.0066945
1.6 1 -0.0077953
1.7 1 -0.0091092
1.8 1 -0.010202
1.9 1 -0.011225
2 1 -0.012422
-2 1.1 0.043662
-1.9 1.1 0.042844
-1.8 1.1 0.04199
-1.7 1.1 0.041067
-1.6 1.1 0.040047
-1.5 1.1 0.038949
-1.4 1.1 0.037924
-1.3 1.1 0.036688
-1.2 1.1 0.035688
-1.1 1.1 0.034719
-1 1.1 0.033127
-0.9 1.1 0.031944
-0.8 1.1 0.030502
-0.7 1.1 0.029058
-0.6 1.1 0.027161
-0.5 1.1 0.025534
-0.4 1.1 0.023893
-0.3 1.1 0.021968
-0.2 1.1 0.020484
-0.1 1.1 0.018953
0 1.1 0.017679
0.1 1.1 0.016549
0.2 1.1 0.014985
0.3 1.1 0.01337
0.4 1.1 0.011899
0.5 1.1 0.010122
0.6 1.1 0.008638
0.7 1.1 0.0069723
0.8 1.1 0.0054
0.9 1.1 0.003913
1 1.1 0.0019784
1.1 1.1 0.00045651
1.2 1.1 -0.0011975
1.3 1.1 -0.002753
1.4 1.1 -0.0042556
1.5 1.1 -0.0055108
1.6 1.1 -0.0065908
1.7 1.1 -0.0078941
1.8 1.1 -0.0089878
1.9 1.1 -0.009965
2 1.1 -0.01104
-2 1.2 0.044741
-1.9 1.2 0.04417
-1.8 1.2 0.043196
-1.7 1.2 0.042256
-1.6 1.2 0.041371
-1.5 1.2 0.040247
-1.4 1.2 0.03911
-1.3 1.2 0.03796
-1.2 1.2 0.036723
-1.1 1.2 0.035687
-1 1.2 0.034492
-0.9 1.2 0.032963
-0.8 1.2 0.031526
-0.7 1.2 0.030271
-0.6 1.2 0.02857
-0.5 1.2 0.026905
-0.4 1.2 0.025049
-0.3 1.2 0.02333
-0.2 1.2 0.021846
-0.1 1.2 0.020531
0 1.2 0.019189
0.1 1.2 0.017865
0.2 1.2 0.016385
0.3 1.2 0.01485
0.4 1.2 0.013166
0.5 1.2 0.011383
0.6 1.2 0.010019
0.7 1.2 0.0083913
0.8 1.2 0.0069722
0.9 1.2 0.0054637
1 1.2 0.0034005
1.1 1.2 0.0018055
1.2 1.2 0.00020076
1.3 1.2 -0.0013448
1.4 1.2 -0.0028388
1.5 1.2 -0.0042886
1.6 1.2 -0.0055078
1.7 1.2 -0.0065779
1.8 1.2 -0.0079256
1.9 1.2 -0.0088671
2 1.2 -0.0099186
-2 1.3 0.045838
-1.9 1.3 0.04521
-1.8 1.3 0.044547
-1.7 1.3 0.043729
-1.6 1.3 0.042593
-1.5 1.3 0.041582
-1.4 1.3 0.04032
-1.3 1.3 0.03905
-1.2 1.3 0.037949
-1.1 1.3 0.036809
-1 1.3 0.035598
-0.9 1.3 0.034085
-0.8 1.3 0.032566
-0.7 1.3 0.031375
-0.6 1.3 0.029945
-0.5 1.3 0.028277
-0.4 1.3 0.026556
-0.3 1.3 0.024935
-0.2 1.3 0.023089
-0.1 1.3 0.021721
0 1.3 0.02054
0.1 1.3 0.019188
0.2 1.3 0.017754
0.3 1.3 0.016257
0.4 1.3 0.014669
0.5 1.3 0.012658
0.6 1.3 0.01125
0.7 1.3 0.0097044
0.8 1.3 0.0083206
0.9 1.3 0.0067534
1 1.3 0.004908
1.1 1.3 0.0032156
1.2 1.3 0.001668
1.3 1.3 -4.5546e-05
1.4 1.3 -0.0015519
1.5 1.3 -0.0028722
1.6 1.3 -0.0042479
1.7 1.3 -0.0054101
1.8 1.3 -0.006514
1.9 1.3 -0.0078123
2 1.3 -0.008798
-2 1.4 0.046878
-1.9 1.4 0.046412
-1.8 1.4 0.045762
-1.7 1.4 0.044965
-1.6 1.4 0.043934
-1.5 1.4 0.042654
-1.4 1.4 0.041595
-1.3 1.4 0.040203
-1.2 1.4 0.039022
-1.1 1.4 0.037829
-1 1.4 0.036536
-0.9 1.4 0.035178
-0.8 1.4 0.033743
-0.7 1.4 0.032616
-0.6 1.4 0.031339
-0.5 1.4 0.029433
-0.4 1.4 0.027848
-0.3 1.4 0.026368
-0.2 1.4 0.024605
-0.1 1.4 0.02303
0 1.4 0.021655
0.1 1.4 0.020397
0.2 1.4 0.018826
0.3 1.4 0.017362
0.4 1.4 0.015863
0.5 1.4 0.014157
0.6 1.4 0.012617
0.7 1.4 0.011052
0.8 1.4 0.0095626
0.9 1.4 0.0080008
1 1.4 0.0060737
1.1 1.4 0.0045203
1.2 1.4 0.0031743
1.3 1.4 0.0014394
1.4 1.4 -4.4804e-05
1.5 1.4 -0.0015378
1.6 1.4 -0.003012
1.7 1.4 -0.004213
1.8 1.4 -0.0053583
1.9 1.4 -0.0065957
2 1.4 -0.007636
-2 1.5 0.047865
-1.9 1.5 0.047277
-1.8 1.5 0.046655
-1.7 1.5 0.045817
-1.6 1.5 0.044948
-1.5 1.5 0.043959
-1.4 1.5 0.042644
-1.3 1.5 0.041269
-1.2 1.5 0.040022
-1.1 1.5 0.038922
-1 1.5 0.037561
-0.9 1.5 0.036232
-0.8 1.5 0.034883
-0.7 1.5 0.033682
-0.6 1.5 0.032298
-0.5 1.5 0.030715
-0.4 1.5 0.029088
-0.3 1.5 0.027523
-0.2 1.5 0.025907
-0.1 1.5 0.024268
0 1.5 0.02283
0.1 1.5 0.021557
0.2 1.5 0.020075
0.3 1.5 0.018436
0.4 1.5 0.016962
0.5 1.5 0.015283
0.6 1.5 0.013962
0.7 1.5 0.012446
0.8 1.5 0.010993
0.9 1.5 0.0094575
1 1.5 0.0075941
1.1 1.5 0.0056087
1.2 1.5 0.0041921
1.3 1.5 0.0028674
1.4 1.5 0.0013846
1.5 1.5 -0.0001699
1.6 1.5 -0.00162
1.7 1.5 -0.0029743
1.8 1.5 -0.0041844
1.9 1.5 -0.0053218
2 1.5 -0.0065658
-2 1.6 0.048712
-1.9 1.6 0.048148
-1.8 1.6 0.047525
-1.7 1.6 0.046657
-1.6 1.6 0.045765
-1.5 1.6 0.044857
-1.4 1.6 0.043713
-1.3 1.6 0.042501
-1.2 1.6 0.041109
-1.1 1.6 0.040024
-1 1.6 0.038701
-0.9 1.6 0.037123
-0.8 1.6 0.035746
-0.7 1.6 0.034626
-0.6 1.6 0.033236
-0.5 1.6 0.031691
-0.4 1.6 0.030129
-0.3 1.6 0.028558
-0.2 1.6 0.027103
-0.1 1.6 0.025507
0 1.6 0.024077
0.1 1.6 0.022726
0.2 1.6 0.021258
0.3 1.6 0.019489
0.4 1.6 0.017977
0.5 1.6 0.016366
0.6 1.6 0.014999
0.7 1.6 0.013599
0.8 1.6 0.012093
0.9 1.6 0.010765
1 1.6 0.0091209
1.1 1.6 0.0071707
1.2 1.6 0.0055183
1.3 1.6 0.0039689
1.4 1.6 0.0026451
1.5 1.6 0.0013964
1.6 1.6 -9.4697e-05
1.7 1.6 -0.0014705
1.8 1.6 -0.0027695
1.9 1.6 -0.0040323
2 1.6 -0.0052103
-2 1.7 0.049457
-1.9 1.7 0.048952
-1.8 1.7 0.048264
-1.7 1.7 0.047376
-1.6 1.7 0.046559
-1.5 1.7 0.04581
-1.4 1.7 0.044785
-1.3 1.7 0.043423
-1.2 1.7 0.04225
-1.1 1.7 0.040949
-1 1.7 0.039672
-0.9 1.7 0.038239
-0.8 1.7 0.036959
-0.7 1.7 0.035423
-0.6 1.7 0.033959
-0.5 1.7 0.032611
-0.4 1.7 0.031265
-0.3 1.7 0.029637
-0.2 1.7 0.028165
-0.1 1.7 0.026561
0 1.7 0.025087
0.1 1.7 0.023806
0.2 1.7 0.022416
0.3 1.7 0.020672
0.4 1.7 0.0191
0.5 1.7 0.017391
0.6 1.7 0.015994
0.7 1.7 0.014646
0.8 1.7 0.013116
0.9 1.7 0.011711
1 1.7 0.010239
1.1 1.7 0.0084497
1.2 1.7 0.0067897
1.3 1.7 0.0053137
1.4 1.7 0.0041011
1.5 1.7 0.0026087
1.6 1.7 0.0011353
1.7 1.7 -0.00011494
1.8 1.7 -0.0013498
1.9 1.7 -0.0024308
2 1.7 -0.0037958
-2 1.8 0.05016
-1.9 1.8 0.049631
-1.8 1.8 0.048975
-1.7 1.8 0.048183
-1.6 1.8 0.047404
-1.5 1.8 0.046617
-1.4 1.8 0.045603
-1.3 1.8 0.044349
-1.2 1.8 0.043116
-1.1 1.8 0.042022
-1 1.8 0.040568
-0.9 1.8 0.039256
-0.8 1.8 0.038094
-0.7 1.8 0.03637
-0.6 1.8 0.035034
-0.5 1.8 0.033669
-0.4 1.8 0.032189
-0.3 1.8 0.030574
-0.2 1.8 0.0292
-0.1 1.8 0.027682
0 1.8 0.026075
0.1 1.8 0.024721
0.2 1.8 0.023471
0.3 1.8 0.021672
0.4 1.8 0.020229
0.5 1.8 0.018558
0.6 1.8 0.01722
0.7 1.8 0.015819
0.8 1.8 0.01424
0.9 1.8 0.012693
1 1.8 0.01131
1.1 1.8 0.0095673
1.2 1.8 0.0079444
1.3 1.8 0.0064521
1.4 1.8 0.0053046
1.5 1.8 0.0039962
1.6 1.8 0.0025185
1.7 1.8 0.0011094
1.8 1.8 -6.2682e-05
1.9 1.8 -0.0012434
2 1.8 -0.0023682
-2 1.9 0.050877
-1.9 1.9 0.050282
-1.8 1.9 0.049613
-1.7 1.9 0.048851
-1.6 1.9 0.048088
-1.5 1.9 0.04732
-1.4 1.9 0.04643
-1.3 1.9 0.045279
-1.2 1.9 0.043973
-1.1 1.9 0.042787
-1 1.9 0.041499
-0.9 1.9 0.04037
-0.8 1.9 0.039099
-0.7 1.9 0.037433
-0.6 1.9 0.036
-0.5 1.9 0.034714
-0.4 1.9 0.033329
-0.3 1.9 0.031731
-0.2 1.9 0.030149
-0.1 1.9 0.02867
0 1.9 0.027111
0.1 1.9 0.025642
0.2 1.9 0.024391
0.3 1.9 0.022533
0.4 1.9 0.021257
0.5 1.9 0.019615
0.6 1.9 0.018262
0.7 1.9 0.016979
0.8 1.9 0.015419
0.9 1.9 0.013824
1 1.9 0.012527
1.1 1.9 0.010854
1.2 1.9 0.0089927
1.3 1.9 0.007488
1.4 1.9 0.0062696
1.5 1.9 0.0051352
1.6 1.9 0.0039006
1.7 1.9 0.0025633
1.8 1.9 0.001186
1.9 1.9 -8.8943e-05
2 1.9 -0.0011883
-2 2 0.051461
-1.9 2 0.050829
-1.8 2 0.05021
-1.7 2 0.049487
-1.6 2 0.048805
-1.5 2 0.048012
-1.4 2 0.047086
-1.3 2 0.046111
-1.2 2 0.044833
-1.1 2 0.043509
-1 2 0.042331
-0.9 2 0.041143
-0.8 2 0.040073
-0.7 2 0.03857
-0.6 2 0.037115
-0.5 2 0.035752
-0.4 2 0.034373
-0.3 2 0.032784
-0.2 2 0.031201
-0.1 2 0.029737
0 2 0.028305
0.1 2 0.026736
0.2 2 0.025287
0.3 2 0.023349
0.4 2 0.022098
0.5 2 0.020554
0.6 2 0.019374
0.7 2 0.018012
0.8 2 0.016728
0.9 2 0.014966
1 2 0.013508
1.1 2 0.012065
1.2 2 0.010111
1.3 2 0.008573
1.4 2 0.0073355
1.5 2 0.0061803
1.6 2 0.0049149
1.7 2 0.0036855
1.8 2 0.0024937
1.9 2 0.0011782
2 2 1.4027e-05
