-2 -2 0.0094729
-1.9 -2 0.0074418
-1.8 -2 0.0062634
-1.7 -2 0.0033911
-1.6 -2 0.0023439
-1.5 -2 0.00073136
-1.4 -2 -0.0012025
-1.3 -2 -0.0029428
-1.2 -2 -0.0042556
-1.1 -2 -0.005906
-1 -2 -0.0078653
-0.9 -2 -0.008857
-0.8 -2 -0.010701
-0.7 -2 -0.011796
-0.6 -2 -0.01309
-0.5 -2 -0.014363
-0.4 -2 -0.014945
-0.3 -2 -0.015497
-0.2 -2 -0.014614
-0.1 -2 -0.013388
0 -2 -0.011018
0.1 -2 -0.0087612
0.2 -2 -0.0073152
0.3 -2 -0.0039814
0.4 -2 -0.0015625
0.5 -2 0.0028431
0.6 -2 0.0068953
0.7 -2 0.012138
0.8 -2 0.015994
0.9 -2 0.019752
1 -2 0.024846
1.1 -2 0.0291
1.2 -2 0.035929
1.3 -2 0.043282
1.4 -2 0.048931
1.5 -2 0.054707
1.6 -2 0.059875
1.7 -2 0.06362
1.8 -2 0.066617
1.9 -2 0.069517
2 -2 0.072033
-2 -1.9 0.011166
-1.9 -1.9 0.0084254
-1.8 -1.9 0.0062107
-1.7 -1.9 0.0036922
-1.6 -1.9 0.0019869
-1.5 -1.9 0.000174
-1.4 -1.9 -0.0020972
-1.3 -1.9 -0.0051526
-1.2 -1.9 -0.0058749
-1.1 -1.9 -0.0071349
-1 -1.9 -0.009065
-0.9 -1.9 -0.011033
-0.8 -1.9 -0.012845
-0.7 -1.9 -0.014298
-0.6 -1.9 -0.014912
-0.5 -1.9 -0.016109
-0.4 -1.9 -0.017195
-0.3 -1.9 -0.017483
-0.2 -1.9 -0.017744
-0.1 -1.9 -0.016994
0 -1.9 -0.01681
0.1 -1.9 -0.014277
0.2 -1.9 -0.010979
0.3 -1.9 -0.0086102
0.4 -1.9 -0.0069032
0.5 -1.9 -0.0022952
0.6 -1.9 0.003183
0.7 -1.9 0.0074848
0.8 -1.9 0.01212
0.9 -1.9 0.017137
1 -1.9 0.021413
1.1 -1.9 0.026309
1.2 -1.9 0.032205
1.3 -1.9 0.040441
1.4 -1.9 0.045555
1.5 -1.9 0.050333
1.6 -1.9 0.05692
1.7 -1.9 0.061456
1.8 -1.9 0.064946
1.9 -1.9 0.067632
2 -1.9 0.07007
-2 -1.8 0.012413
-1.9 -1.8 0.0096741
-1.8 -1.8 0.0070633
-1.7 -1.8 0.0047184
-1.6 -1.8 0.0017317
-1.5 -1.8 2.1062e-06
-1.4 -1.8 -0.0029398
-1.3 -1.8 -0.005536
-1.2 -1.8 -0.0073936
-1.1 -1.8 -0.0092521
-1 -1.8 -0.011486
-0.9 -1.8 -0.012742
-0.8 -1.8 -0.014642
-0.7 -1.8 -0.016051
-0.6 -1.8 -0.017253
-0.5 -1.8 -0.018128
-0.4 -1.8 -0.019191
-0.3 -1.8 -0.019769
-0.2 -1.8 -0.020702
-0.1 -1.8 -0.019007
0 -1.8 -0.019407
0.1 -1.8 -0.018592
0.2 -1.8 -0.017437
0.3 -1.8 -0.012504
0.4 -1.8 -0.010598
0.5 -1.8 -0.0076383
0.6 -1.8 -0.0035244
0.7 -1.8 0.0033663
0.8 -1.8 0.0087405
0.9 -1.8 0.013543
1 -1.8 0.019231
1.1 -1.8 0.02372
1.2 -1.8 0.029294
1.3 -1.8 0.036848
1.4 -1.8 0.042467
1.5 -1.8 0.04677
1.6 -1.8 0.053178
1.7 -1.8 0.057964
1.8 -1.8 0.063595
1.9 -1.8 0.066347
2 -1.8 0.06842
-2 -1.7 0.013142
-1.9 -1.7 0.010993
-1.8 -1.7 0.0082007
-1.7 -1.7 0.0052684
-1.6 -1.7 0.0026907
-1.5 -1.7 -1.5127e-05
-1.4 -1.7 -0.0034696
-1.3 -1.7 -0.0057394
-1.2 -1.7 -0.0076926
-1.1 -1.7 -0.0099045
-1 -1.7 -0.012409
-0.9 -1.7 -0.014838
-0.8 -1.7 -0.016924
-0.7 -1.7 -0.018635
-0.6 -1.7 -0.019132
-0.5 -1.7 -0.019562
-0.4 -1.7 -0.020285
-0.3 -1.7 -0.02101
-0.2 -1.7 -0.022198
-0.1 -1.7 -0.022521
0 -1.7 -0.021296
0.1 -1.7 -0.020698
0.2 -1.7 -0.019863
0.3 -1.7 -0.018141
0.4 -1.7 -0.015245
0.5 -1.7 -0.010301
0.6 -1.7 -0.0069575
0.7 -1.7 -0.0022353
0.8 -1.7 0.0030244
0.9 -1.7 0.0094246
1 -1.7 0.014274
1.1 -1.7 0.019415
1.2 -1.7 0.026418
1.3 -1.7 0.032942
1.4 -1.7 0.040022
1.5 -1.7 0.044546
1.6 -1.7 0.049236
1.7 -1.7 0.054811
1.8 -1.7 0.05996
1.9 -1.7 0.063323
2 -1.7 0.065736
-2 -1.6 0.013939
-1.9 -1.6 0.012207
-1.8 -1.6 0.0091084
-1.7 -1.6 0.0064393
-1.6 -1.6 0.0036347
-1.5 -1.6 1.9345e-05
-1.4 -1.6 -0.0034963
-1.3 -1.6 -0.0058988
-1.2 -1.6 -0.0081407
-1.1 -1.6 -0.010275
-1 -1.6 -0.01262
-0.9 -1.6 -0.015889
-0.8 -1.6 -0.018033
-0.7 -1.6 -0.019692
-0.6 -1.6 -0.020732
-0.5 -1.6 -0.021274
-0.4 -1.6 -0.021835
-0.3 -1.6 -0.022346
-0.2 -1.6 -0.022528
-0.1 -1.6 -0.023394
0 -1.6 -0.023855
0.1 -1.6 -0.023101
0.2 -1.6 -0.021633
0.3 -1.6 -0.020279
0.4 -1.6 -0.018268
0.5 -1.6 -0.015072
0.6 -1.6 -0.010309
0.7 -1.6 -0.0069243
0.8 -1.6 -0.0016379
0.9 -1.6 0.0039901
1 -1.6 0.009527
1.1 -1.6 0.015186
1.2 -1.6 0.021023
1.3 -1.6 0.028107
1.4 -1.6 0.036756
1.5 -1.6 0.041925
1.6 -1.6 0.046097
1.7 -1.6 0.052007
1.8 -1.6 0.057443
1.9 -1.6 0.061099
2 -1.6 0.062955
-2 -1.5 0.013084
-1.9 -1.5 0.012731
-1.8 -1.5 0.010003
-1.7 -1.5 0.0079068
-1.6 -1.5 0.0049038
-1.5 -1.5 -0.0007284
-1.4 -1.5 -0.003069
-1.3 -1.5 -0.0060067
-1.2 -1.5 -0.0084759
-1.1 -1.5 -0.010583
-1 -1.5 -0.012854
-0.9 -1.5 -0.016181
-0.8 -1.5 -0.018891
-0.7 -1.5 -0.02099
-0.6 -1.5 -0.022001
-0.5 -1.5 -0.022667
-0.4 -1.5 -0.023197
-0.3 -1.5 -0.023451
-0.2 -1.5 -0.023558
-0.1 -1.5 -0.024418
0 -1.5 -0.025447
0.1 -1.5 -0.025524
0.2 -1.5 -0.024013
0.3 -1.5 -0.022375
0.4 -1.5 -0.020092
0.5 -1.5 -0.018794
0.6 -1.5 -0.015717
0.7 -1.5 -0.011895
0.8 -1.5 -0.0066439
0.9 -1.5 -0.0010796
1 -1.5 0.0042354
1.1 -1.5 0.0093173
1.2 -1.5 0.016725
1.3 -1.5 0.021938
1.4 -1.5 0.030535
1.5 -1.5 0.038059
1.6 -1.5 0.042866
1.7 -1.5 0.0479
1.8 -1.5 0.052736
1.9 -1.5 0.056996
2 -1.5 0.059959
-2 -1.4 0.014867
-1.9 -1.4 0.013909
-1.8 -1.4 0.011078
-1.7 -1.4 0.0089021
-1.6 -1.4 0.0061195
-1.5 -1.4 0.0012932
-1.4 -1.4 -0.0029145
-1.3 -1.4 -0.0053423
-1.2 -1.4 -0.0082407
-1.1 -1.4 -0.010832
-1 -1.4 -0.012762
-0.9 -1.4 -0.015741
-0.8 -1.4 -0.018729
-0.7 -1.4 -0.020841
-0.6 -1.4 -0.022716
-0.5 -1.4 -0.023709
-0.4 -1.4 -0.024022
-0.3 -1.4 -0.023878
-0.2 -1.4 -0.023912
-0.1 -1.4 -0.024782
0 -1.4 -0.026376
0.1 -1.4 -0.02744
0.2 -1.4 -0.026419
0.3 -1.4 -0.025666
0.4 -1.4 -0.022994
0.5 -1.4 -0.021047
0.6 -1.4 -0.018556
0.7 -1.4 -0.015716
0.8 -1.4 -0.012219
0.9 -1.4 -0.007111
1 -1.4 -0.00029193
1.1 -1.4 0.004597
1.2 -1.4 0.0098601
1.3 -1.4 0.015412
1.4 -1.4 0.023826
1.5 -1.4 0.032115
1.6 -1.4 0.038231
1.7 -1.4 0.043579
1.8 -1.4 0.049153
1.9 -1.4 0.053651
2 -1.4 0.056375
-2 -1.3 0.016398
-1.9 -1.3 0.015441
-1.8 -1.3 0.011737
-1.7 -1.3 0.0099637
-1.6 -1.3 0.0060186
-1.5 -1.3 0.0029534
-1.4 -1.3 -0.0019215
-1.3 -1.3 -0.0045936
-1.2 -1.3 -0.0076953
-1.1 -1.3 -0.01055
-1 -1.3 -0.012709
-0.9 -1.3 -0.015817
-0.8 -1.3 -0.018547
-0.7 -1.3 -0.020714
-0.6 -1.3 -0.022674
-0.5 -1.3 -0.023758
-0.4 -1.3 -0.024653
-0.3 -1.3 -0.024874
-0.2 -1.3 -0.024626
-0.1 -1.3 -0.024565
0 -1.3 -0.0266
0.1 -1.3 -0.028205
0.2 -1.3 -0.02794
0.3 -1.3 -0.026463
0.4 -1.3 -0.025632
0.5 -1.3 -0.023486
0.6 -1.3 -0.021253
0.7 -1.3 -0.018633
0.8 -1.3 -0.014923
0.9 -1.3 -0.011201
1 -1.3 -0.0056466
1.1 -1.3 0.0011319
1.2 -1.3 0.0057946
1.3 -1.3 0.010383
1.4 -1.3 0.015439
1.5 -1.3 0.024726
1.6 -1.3 0.032824
1.7 -1.3 0.036787
1.8 -1.3 0.044035
1.9 -1.3 0.04976
2 -1.3 0.053132
-2 -1.2 0.017576
-1.9 -1.2 0.015456
-1.8 -1.2 0.013855
-1.7 -1.2 0.011437
-1.6 -1.2 0.0065986
-1.5 -1.2 0.0036733
-1.4 -1.2 0.00011266
-1.3 -1.2 -0.003949
-1.2 -1.2 -0.0066206
-1.1 -1.2 -0.0097729
-1 -1.2 -0.012561
-0.9 -1.2 -0.015155
-0.8 -1.2 -0.018048
-0.7 -1.2 -0.020344
-0.6 -1.2 -0.022514
-0.5 -1.2 -0.024357
-0.4 -1.2 -0.025275
-0.3 -1.2 -0.025732
-0.2 -1.2 -0.025317
-0.1 -1.2 -0.025084
0 -1.2 -0.027013
0.1 -1.2 -0.028601
0.2 -1.2 -0.029138
0.3 -1.2 -0.027988
0.4 -1.2 -0.027183
0.5 -1.2 -0.02588
0.6 -1.2 -0.023291
0.7 -1.2 -0.02078
0.8 -1.2 -0.017601
0.9 -1.2 -0.013857
1 -1.2 -0.010133
1.1 -1.2 -0.0047579
1.2 -1.2 0.0012638
1.3 -1.2 0.0069249
1.4 -1.2 0.011669
1.5 -1.2 0.017539
1.6 -1.2 0.025174
1.7 -1.2 0.029136
1.8 -1.2 0.036771
1.9 -1.2 0.042704
2 -1.2 0.048105
-2 -1.1 0.022583
-1.9 -1.1 0.018575
-1.8 -1.1 0.014802
-1.7 -1.1 0.012107
-1.6 -1.1 0.0093826
-1.5 -1.1 0.0059502
-1.4 -1.1 0.0026979
-1.3 -1.1 -0.0023401
-1.2 -1.1 -0.005431
-1.1 -1.1 -0.0079132
-1 -1.1 -0.011057
-0.9 -1.1 -0.013357
-0.8 -1.1 -0.016656
-0.7 -1.1 -0.020128
-0.6 -1.1 -0.02207
-0.5 -1.1 -0.023678
-0.4 -1.1 -0.025276
-0.3 -1.1 -0.025516
-0.2 -1.1 -0.025908
-0.1 -1.1 -0.02635
0 -1.1 -0.02773
0.1 -1.1 -0.028905
0.2 -1.1 -0.030713
0.3 -1.1 -0.029833
0.4 -1.1 -0.029552
0.5 -1.1 -0.028211
0.6 -1.1 -0.026744
0.7 -1.1 -0.023808
0.8 -1.1 -0.02046
0.9 -1.1 -0.016864
1 -1.1 -0.013378
1.1 -1.1 -0.0092767
1.2 -1.1 -0.0040471
1.3 -1.1 0.00091566
1.4 -1.1 0.0069402
1.5 -1.1 0.012614
1.6 -1.1 0.020435
1.7 -1.1 0.024785
1.8 -1.1 0.02893
1.9 -1.1 0.035282
2 -1.1 0.039647
-2 -1 0.023468
-1.9 -1 0.021315
-1.8 -1 0.018716
-1.7 -1 0.015249
-1.6 -1 0.011016
-1.5 -1 0.0085437
-1.4 -1 0.0052758
-1.3 -1 0.0010381
-1.2 -1 -0.0022907
-1.1 -1 -0.0059818
-1 -1 -0.0091531
-0.9 -1 -0.01165
-0.8 -1 -0.014778
-0.7 -1 -0.017936
-0.6 -1 -0.020614
-0.5 -1 -0.02248
-0.4 -1 -0.024033
-0.3 -1 -0.024787
-0.2 -1 -0.025468
-0.1 -1 -0.026172
0 -1 -0.027427
0.1 -1 -0.028852
0.2 -1 -0.030786
0.3 -1 -0.030561
0.4 -1 -0.030929
0.5 -1 -0.029736
0.6 -1 -0.028444
0.7 -1 -0.026441
0.8 -1 -0.02309
0.9 -1 -0.019182
1 -1 -0.015817
1.1 -1 -0.012078
1.2 -1 -0.0082157
1.3 -1 -0.0032436
1.4 -1 0.00058332
1.5 -1 0.0054181
1.6 -1 0.013385
1.7 -1 0.019336
1.8 -1 0.024091
1.9 -1 0.028744
2 -1 0.03271
-2 -0.9 0.025058
-1.9 -0.9 0.02343
-1.8 -0.9 0.020249
-1.7 -0.9 0.017343
-1.6 -0.9 0.016136
-1.5 -0.9 0.013181
-1.4 -0.9 0.0078699
-1.3 -0.9 0.004643
-1.2 -0.9 -1.2863e-05
-1.1 -0.9 -0.0035281
-1 -0.9 -0.0066484
-0.9 -0.9 -0.0089366
-0.8 -0.9 -0.01238
-0.7 -0.9 -0.015588
-0.6 -0.9 -0.018115
-0.5 -0.9 -0.020202
-0.4 -0.9 -0.022266
-0.3 -0.9 -0.023632
-0.2 -0.9 -0.024591
-0.1 -0.9 -0.025692
0 -0.9 -0.026775
0.1 -0.9 -0.028568
0.2 -0.9 -0.02983
0.3 -0.9 -0.031307
0.4 -0.9 -0.031351
0.5 -0.9 -0.03104
0.6 -0.9 -0.029561
0.7 -0.9 -0.027756
0.8 -0.9 -0.024794
0.9 -0.9 -0.02239
1 -0.9 -0.018464
1.1 -0.9 -0.014764
1.2 -0.9 -0.010473
1.3 -0.9 -0.0069733
1.4 -0.9 -0.0025185
1.5 -0.9 0.00096039
1.6 -0.9 0.0064201
1.7 -0.9 0.014454
1.8 -0.9 0.019576
1.9 -0.9 0.0234
2 -0.9 0.028173
-2 -0.8 0.024882
-1.9 -0.8 0.02447
-1.8 -0.8 0.022156
-1.7 -0.8 0.021191
-1.6 -0.8 0.019148
-1.5 -0.8 0.015802
-1.4 -0.8 0.012964
-1.3 -0.8 0.0097103
-1.2 -0.8 0.0025735
-1.1 -0.8 -0.00074979
-1 -0.8 -0.0042334
-0.9 -0.8 -0.0070561
-0.8 -0.8 -0.009307
-0.7 -0.8 -0.012674
-0.6 -0.8 -0.015499
-0.5 -0.8 -0.017741
-0.4 -0.8 -0.019523
-0.3 -0.8 -0.021419
-0.2 -0.8 -0.023596
-0.1 -0.8 -0.024471
0 -0.8 -0.025737
0.1 -0.8 -0.027552
0.2 -0.8 -0.028918
0.3 -0.8 -0.030893
0.4 -0.8 -0.0316
0.5 -0.8 -0.031866
0.6 -0.8 -0.030738
0.7 -0.8 -0.028538
0.8 -0.8 -0.025806
0.9 -0.8 -0.023371
1 -0.8 -0.020906
1.1 -0.8 -0.016903
1.2 -0.8 -0.013256
1.3 -0.8 -0.010258
1.4 -0.8 -0.0061272
1.5 -0.8 -0.0021186
1.6 -0.8 0.0019379
1.7 -0.8 0.0079505
1.8 -0.8 0.013304
1.9 -0.8 0.019159
2 -0.8 0.024761
-2 -0.7 0.024769
-1.9 -0.7 0.024665
-1.8 -0.7 0.022291
-1.7 -0.7 0.021058
-1.6 -0.7 0.02161
-1.5 -0.7 0.018649
-1.4 -0.7 0.016362
-1.3 -0.7 0.01326
-1.2 -0.7 0.0094917
-1.1 -0.7 0.00506
-1 -0.7 -0.0012985
-0.9 -0.7 -0.0048386
-0.8 -0.7 -0.0071742
-0.7 -0.7 -0.010059
-0.6 -0.7 -0.013212
-0.5 -0.7 -0.014947
-0.4 -0.7 -0.016629
-0.3 -0.7 -0.018844
-0.2 -0.7 -0.02153
-0.1 -0.7 -0.0228
0 -0.7 -0.024228
0.1 -0.7 -0.026307
0.2 -0.7 -0.027722
0.3 -0.7 -0.029138
0.4 -0.7 -0.031102
0.5 -0.7 -0.032058
0.6 -0.7 -0.031205
0.7 -0.7 -0.02912
0.8 -0.7 -0.026685
0.9 -0.7 -0.024462
1 -0.7 -0.021842
1.1 -0.7 -0.019232
1.2 -0.7 -0.016066
1.3 -0.7 -0.013018
1.4 -0.7 -0.010348
1.5 -0.7 -0.005905
1.6 -0.7 -0.0015686
1.7 -0.7 0.0034178
1.8 -0.7 0.0084786
1.9 -0.7 0.012113
2 -0.7 0.018633
-2 -0.6 0.023631
-1.9 -0.6 0.023691
-1.8 -0.6 0.022974
-1.7 -0.6 0.021404
-1.6 -0.6 0.022964
-1.5 -0.6 0.021266
-1.4 -0.6 0.018175
-1.3 -0.6 0.015577
-1.2 -0.6 0.012688
-1.1 -0.6 0.0090908
-1 -0.6 0.0050699
-0.9 -0.6 0.00060125
-0.8 -0.6 -0.005241
-0.7 -0.6 -0.008098
-0.6 -0.6 -0.010804
-0.5 -0.6 -0.013021
-0.4 -0.6 -0.014551
-0.3 -0.6 -0.016145
-0.2 -0.6 -0.018079
-0.1 -0.6 -0.019685
0 -0.6 -0.021404
0.1 -0.6 -0.023758
0.2 -0.6 -0.026253
0.3 -0.6 -0.028081
0.4 -0.6 -0.029539
0.5 -0.6 -0.031204
0.6 -0.6 -0.030857
0.7 -0.6 -0.029388
0.8 -0.6 -0.027786
0.9 -0.6 -0.025629
1 -0.6 -0.023119
1.1 -0.6 -0.02066
1.2 -0.6 -0.018716
1.3 -0.6 -0.01573
1.4 -0.6 -0.012868
1.5 -0.6 -0.0095562
1.6 -0.6 -0.0051302
1.7 -0.6 -0.0014568
1.8 -0.6 0.0052999
1.9 -0.6 0.0084718
2 -0.6 0.011719
-2 -0.5 0.023101
-1.9 -0.5 0.022727
-1.8 -0.5 0.022469
-1.7 -0.5 0.022108
-1.6 -0.5 0.023325
-1.5 -0.5 0.02287
-1.4 -0.5 0.020705
-1.3 -0.5 0.017674
-1.2 -0.5 0.014972
-1.1 -0.5 0.011926
-1 -0.5 0.0083976
-0.9 -0.5 0.0047104
-0.8 -0.5 0.0013012
-0.7 -0.5 -0.002839
-0.6 -0.5 -0.0085313
-0.5 -0.5 -0.010372
-0.4 -0.5 -0.012158
-0.3 -0.5 -0.01387
-0.2 -0.5 -0.015525
-0.1 -0.5 -0.017242
0 -0.5 -0.018664
0.1 -0.5 -0.020366
0.2 -0.5 -0.022453
0.3 -0.5 -0.02561
0.4 -0.5 -0.027656
0.5 -0.5 -0.02924
0.6 -0.5 -0.029717
0.7 -0.5 -0.029565
0.8 -0.5 -0.02862
0.9 -0.5 -0.026429
1 -0.5 -0.024274
1.1 -0.5 -0.021673
1.2 -0.5 -0.019782
1.3 -0.5 -0.017765
1.4 -0.5 -0.015701
1.5 -0.5 -0.01219
1.6 -0.5 -0.0091416
1.7 -0.5 -0.0041481
1.8 -0.5 0.00048846
1.9 -0.5 0.0050224
2 -0.5 0.0076028
-2 -0.4 0.021924
-1.9 -0.4 0.022091
-1.8 -0.4 0.022623
-1.7 -0.4 0.022774
-1.6 -0.4 0.022805
-1.5 -0.4 0.023879
-1.4 -0.4 0.022869
-1.3 -0.4 0.020532
-1.2 -0.4 0.017753
-1.1 -0.4 0.014699
-1 -0.4 0.011079
-0.9 -0.4 0.0074476
-0.8 -0.4 0.0041773
-0.7 -0.4 0.00089778
-0.6 -0.4 -0.0023618
-0.5 -0.4 -0.004477
-0.4 -0.4 -0.0088134
-0.3 -0.4 -0.01114
-0.2 -0.4 -0.013195
-0.1 -0.4 -0.014824
0 -0.4 -0.016663
0.1 -0.4 -0.018076
0.2 -0.4 -0.019346
0.3 -0.4 -0.022561
0.4 -0.4 -0.024412
0.5 -0.4 -0.026561
0.6 -0.4 -0.029101
0.7 -0.4 -0.029082
0.8 -0.4 -0.02879
0.9 -0.4 -0.027621
1 -0.4 -0.025633
1.1 -0.4 -0.022692
1.2 -0.4 -0.02103
1.3 -0.4 -0.019583
1.4 -0.4 -0.01738
1.5 -0.4 -0.015505
1.6 -0.4 -0.011939
1.7 -0.4 -0.0076856
1.8 -0.4 -0.0022079
1.9 -0.4 0.0023151
2 -0.4 0.004327
-2 -0.3 0.021715
-1.9 -0.3 0.021582
-1.8 -0.3 0.022886
-1.7 -0.3 0.023672
-1.6 -0.3 0.023533
-1.5 -0.3 0.024612
-1.4 -0.3 0.024023
-1.3 -0.3 0.02268
-1.2 -0.3 0.020591
-1.1 -0.3 0.017384
-1 -0.3 0.013653
-0.9 -0.3 0.010467
-0.8 -0.3 0.0073848
-0.7 -0.3 0.0038665
-0.6 -0.3 0.00023836
-0.5 -0.3 -0.0024175
-0.4 -0.3 -0.0038982
-0.3 -0.3 -0.0049934
-0.2 -0.3 -0.0078143
-0.1 -0.3 -0.0122
0 -0.3 -0.0141
0.1 -0.3 -0.01609
0.2 -0.3 -0.017168
0.3 -0.3 -0.019532
0.4 -0.3 -0.021915
0.5 -0.3 -0.023899
0.6 -0.3 -0.026443
0.7 -0.3 -0.02739
0.8 -0.3 -0.028134
0.9 -0.3 -0.027902
1 -0.3 -0.027016
1.1 -0.3 -0.024509
1.2 -0.3 -0.022519
1.3 -0.3 -0.021051
1.4 -0.3 -0.018963
1.5 -0.3 -0.017163
1.6 -0.3 -0.014874
1.7 -0.3 -0.011044
1.8 -0.3 -0.0063253
1.9 -0.3 -0.0012291
2 -0.3 0.0019375
-2 -0.2 0.01986
-1.9 -0.2 0.021475
-1.8 -0.2 0.023064
-1.7 -0.2 0.02371
-1.6 -0.2 0.024532
-1.5 -0.2 0.026078
-1.4 -0.2 0.025299
-1.3 -0.2 0.024376
-1.2 -0.2 0.022596
-1.1 -0.2 0.021075
-1 -0.2 0.017368
-0.9 -0.2 0.013073
-0.8 -0.2 0.010261
-0.7 -0.2 0.0072896
-0.6 -0.2 0.0026484
-0.5 -0.2 0.00048885
-0.4 -0.2 -0.0018013
-0.3 -0.2 -0.0033295
-0.2 -0.2 -0.0050188
-0.1 -0.2 -0.0068057
0 -0.2 -0.0083733
0.1 -0.2 -0.012681
0.2 -0.2 -0.015102
0.3 -0.2 -0.016804
0.4 -0.2 -0.019462
0.5 -0.2 -0.021792
0.6 -0.2 -0.024069
0.7 -0.2 -0.025859
0.8 -0.2 -0.026891
0.9 -0.2 -0.027061
1 -0.2 -0.026823
1.1 -0.2 -0.025184
1.2 -0.2 -0.023891
1.3 -0.2 -0.022519
1.4 -0.2 -0.02066
1.5 -0.2 -0.018678
1.6 -0.2 -0.016638
1.7 -0.2 -0.014413
1.8 -0.2 -0.010196
1.9 -0.2 -0.0042772
2 -0.2 0.0003921
-2 -0.1 0.020507
-1.9 -0.1 0.021089
-1.8 -0.1 0.0243
-1.7 -0.1 0.024171
-1.6 -0.1 0.025206
-1.5 -0.1 0.026147
-1.4 -0.1 0.026791
-1.3 -0.1 0.025827
-1.2 -0.1 0.024849
-1.1 -0.1 0.023429
-1 -0.1 0.021214
-0.9 -0.1 0.016755
-0.8 -0.1 0.013113
-0.7 -0.1 0.010337
-0.6 -0.1 0.0065653
-0.5 -0.1 0.0030919
-0.4 -0.1 0.00069733
-0.3 -0.1 -0.0013131
-0.2 -0.1 -0.0031127
-0.1 -0.1 -0.0046602
0 -0.1 -0.0057338
0.1 -0.1 -0.0080672
0.2 -0.1 -0.010321
0.3 -0.1 -0.013357
0.4 -0.1 -0.016662
0.5 -0.1 -0.01953
0.6 -0.1 -0.02161
0.7 -0.1 -0.024195
0.8 -0.1 -0.026334
0.9 -0.1 -0.026391
1 -0.1 -0.02639
1.1 -0.1 -0.024951
1.2 -0.1 -0.023956
1.3 -0.1 -0.022873
1.4 -0.1 -0.022174
1.5 -0.1 -0.020802
1.6 -0.1 -0.018304
1.7 -0.1 -0.015809
1.8 -0.1 -0.01275
1.9 -0.1 -0.008238
2 -0.1 -0.0020714
-2 0 0.019199
-1.9 0 0.02069
-1.8 0 0.02487
-1.7 0 0.025911
-1.6 0 0.026577
-1.5 0 0.028032
-1.4 0 0.029072
-1.3 0 0.028575
-1.2 0 0.02772
-1.1 0 0.026761
-1 0 0.024608
-0.9 0 0.021895
-0.8 0 0.016674
-0.7 0 0.013245
-0.6 0 0.0099649
-0.5 0 0.00649
-0.4 0 0.0034167
-0.3 0 0.0014067
-0.2 0 -0.0010515
-0.1 0 -0.0024225
0 0 -0.0035805
0.1 0 -0.0058801
0.2 0 -0.0075837
0.3 0 -0.0088605
0.4 0 -0.012138
0.5 0 -0.016863
0.6 0 -0.018465
0.7 0 -0.021564
0.8 0 -0.023959
0.9 0 -0.025754
1 0 -0.026201
1.1 0 -0.02487
1.2 0 -0.024571
1.3 0 -0.023687
1.4 0 -0.022478
1.5 0 -0.021103
1.6 0 -0.019591
1.7 0 -0.017493
1.8 0 -0.014587
1.9 0 -0.011106
2 0 -0.0072106
-2 0.1 0.016604
-1.9 0.1 0.020307
-1.8 0.1 0.021974
-1.7 0.1 0.026942
-1.6 0.1 0.02794
-1.5 0.1 0.028888
-1.4 0.1 0.029298
-1.3 0.1 0.03024
-1.2 0.1 0.029553
-1.1 0.1 0.028711
-1 0.1 0.027569
-0.9 0.1 0.025212
-0.8 0.1 0.021204
-0.7 0.1 0.017192
-0.6 0.1 0.014814
-0.5 0.1 0.010625
-0.4 0.1 0.0073161
-0.3 0.1 0.0045464
-0.2 0.1 0.0023398
-0.1 0.1 0.00045253
0 0.1 -0.00099318
0.1 0.1 -0.0037119
0.2 0.1 -0.0055177
0.3 0.1 -0.0072413
0.4 0.1 -0.0094063
0.5 0.1 -0.01278
0.6 0.1 -0.014517
0.7 0.1 -0.019097
0.8 0.1 -0.0211
0.9 0.1 -0.023021
1 0.1 -0.025222
1.1 0.1 -0.025158
1.2 0.1 -0.024473
1.3 0.1 -0.02387
1.4 0.1 -0.022929
1.5 0.1 -0.021744
1.6 0.1 -0.020091
1.7 0.1 -0.017651
1.8 0.1 -0.014777
1.9 0.1 -0.011889
2 0.1 -0.0095912
-2 0.2 0.014557
-1.9 0.2 0.017864
-1.8 0.2 0.021144
-1.7 0.2 0.025062
-1.6 0.2 0.028367
-1.5 0.2 0.029354
-1.4 0.2 0.031204
-1.3 0.2 0.032598
-1.2 0.2 0.031759
-1.1 0.2 0.030588
-1 0.2 0.029954
-0.9 0.2 0.028499
-0.8 0.2 0.025196
-0.7 0.2 0.021249
-0.6 0.2 0.017776
-0.5 0.2 0.01384
-0.4 0.2 0.010422
-0.3 0.2 0.0067522
-0.2 0.2 0.0043689
-0.1 0.2 0.0028508
0 0.2 0.0014782
0.1 0.2 6.0379e-05
0.2 0.2 -0.0027196
0.3 0.2 -0.0044535
0.4 0.2 -0.0065437
0.5 0.2 -0.010329
0.6 0.2 -0.012155
0.7 0.2 -0.014721
0.8 0.2 -0.017773
0.9 0.2 -0.022212
1 0.2 -0.023301
1.1 0.2 -0.022683
1.2 0.2 -0.022656
1.3 0.2 -0.023299
1.4 0.2 -0.023066
1.5 0.2 -0.021542
1.6 0.2 -0.020092
1.7 0.2 -0.018442
1.8 0.2 -0.015413
1.9 0.2 -0.012448
2 0.2 -0.0095098
-2 0.3 0.0099299
-1.9 0.3 0.015189
-1.8 0.3 0.019087
-1.7 0.3 0.022791
-1.6 0.3 0.026303
-1.5 0.3 0.028829
-1.4 0.3 0.030681
-1.3 0.3 0.033835
-1.2 0.3 0.034437
-1.1 0.3 0.034462
-1 0.3 0.032674
-0.9 0.3 0.031199
-0.8 0.3 0.02945
-0.7 0.3 0.024823
-0.6 0.3 0.021736
-0.5 0.3 0.016902
-0.4 0.3 0.013479
-0.3 0.3 0.0098686
-0.2 0.3 0.0063238
-0.1 0.3 0.0050292
0 0.3 0.003462
0.1 0.3 0.0021962
0.2 0.3 0.00026023
0.3 0.3 -0.0030236
0.4 0.3 -0.0059874
0.5 0.3 -0.0097204
0.6 0.3 -0.011753
0.7 0.3 -0.013475
0.8 0.3 -0.015468
0.9 0.3 -0.017263
1 0.3 -0.018333
1.1 0.3 -0.020642
1.2 0.3 -0.020747
1.3 0.3 -0.021432
1.4 0.3 -0.020722
1.5 0.3 -0.019687
1.6 0.3 -0.01973
1.7 0.3 -0.018056
1.8 0.3 -0.015606
1.9 0.3 -0.013187
2 0.3 -0.01017
-2 0.4 0.0037234
-1.9 0.4 0.011279
-1.8 0.4 0.016248
-1.7 0.4 0.020463
-1.6 0.4 0.023886
-1.5 0.4 0.02792
-1.4 0.4 0.030053
-1.3 0.4 0.031791
-1.2 0.4 0.034565
-1.1 0.4 0.035449
-1 0.4 0.035492
-0.9 0.4 0.035135
-0.8 0.4 0.03354
-0.7 0.4 0.029636
-0.6 0.4 0.025129
-0.5 0.4 0.020846
-0.4 0.4 0.016325
-0.3 0.4 0.012678
-0.2 0.4 0.009572
-0.1 0.4 0.0073016
0 0.4 0.0060202
0.1 0.4 0.0040383
0.2 0.4 0.0017121
0.3 0.4 -0.0010969
0.4 0.4 -0.0043816
0.5 0.4 -0.0080776
0.6 0.4 -0.010262
0.7 0.4 -0.011724
0.8 0.4 -0.0138
0.9 0.4 -0.015671
1 0.4 -0.016604
1.1 0.4 -0.017011
1.2 0.4 -0.01732
1.3 0.4 -0.020396
1.4 0.4 -0.020565
1.5 0.4 -0.020016
1.6 0.4 -0.018714
1.7 0.4 -0.016533
1.8 0.4 -0.014393
1.9 0.4 -0.012318
2 0.4 -0.010008
-2 0.5 -0.00090605
-1.9 0.5 0.007492
-1.8 0.5 0.013254
-1.7 0.5 0.016767
-1.6 0.5 0.022027
-1.5 0.5 0.024636
-1.4 0.5 0.029313
-1.3 0.5 0.031099
-1.2 0.5 0.034364
-1.1 0.5 0.035558
-1 0.5 0.036015
-0.9 0.5 0.036405
-0.8 0.5 0.035552
-0.7 0.5 0.034419
-0.6 0.5 0.028951
-0.5 0.5 0.024987
-0.4 0.5 0.02039
-0.3 0.5 0.015709
-0.2 0.5 0.012821
-0.1 0.5 0.010163
0 0.5 0.0085518
0.1 0.5 0.0060675
0.2 0.5 0.0027113
0.3 0.5 0.00066526
0.4 0.5 -0.0015074
0.5 0.5 -0.0052815
0.6 0.5 -0.0083479
0.7 0.5 -0.010133
0.8 0.5 -0.012101
0.9 0.5 -0.014033
1 0.5 -0.01492
1.1 0.5 -0.016029
1.2 0.5 -0.016531
1.3 0.5 -0.016685
1.4 0.5 -0.017039
1.5 0.5 -0.019805
1.6 0.5 -0.019169
1.7 0.5 -0.017311
1.8 0.5 -0.014773
1.9 0.5 -0.011759
2 0.5 -0.0093465
-2 0.6 -0.0065761
-1.9 0.6 -0.00064666
-1.8 0.6 0.0084717
-1.7 0.6 0.013411
-1.6 0.6 0.019113
-1.5 0.6 0.022175
-1.4 0.6 0.026313
-1.3 0.6 0.02998
-1.2 0.6 0.033135
-1.1 0.6 0.034653
-1 0.6 0.035431
-0.9 0.6 0.036137
-0.8 0.6 0.035948
-0.7 0.6 0.035583
-0.6 0.6 0.032712
-0.5 0.6 0.028896
-0.4 0.6 0.024458
-0.3 0.6 0.020295
-0.2 0.6 0.016378
-0.1 0.6 0.013511
0 0.6 0.011196
0.1 0.6 0.0087914
0.2 0.6 0.0057871
0.3 0.6 0.0028685
0.4 0.6 0.00083058
0.5 0.6 -0.0017135
0.6 0.6 -0.0055357
0.7 0.6 -0.0081076
0.8 0.6 -0.010084
0.9 0.6 -0.012114
1 0.6 -0.013274
1.1 0.6 -0.014693
1.2 0.6 -0.01526
1.3 0.6 -0.015678
1.4 0.6 -0.016216
1.5 0.6 -0.016094
1.6 0.6 -0.015947
1.7 0.6 -0.017842
1.8 0.6 -0.015483
1.9 0.6 -0.012438
2 0.6 -0.0099954
-2 0.7 -0.011416
-1.9 0.7 -0.0057454
-1.8 0.7 0.0020845
-1.7 0.7 0.010175
-1.6 0.7 0.014412
-1.5 0.7 0.019333
-1.4 0.7 0.022192
-1.3 0.7 0.027097
-1.2 0.7 0.029943
-1.1 0.7 0.033229
-1 0.7 0.034867
-0.9 0.7 0.035917
-0.8 0.7 0.036123
-0.7 0.7 0.036192
-0.6 0.7 0.035146
-0.5 0.7 0.031233
-0.4 0.7 0.026779
-0.3 0.7 0.02405
-0.2 0.7 0.021254
-0.1 0.7 0.017388
0 0.7 0.014305
0.1 0.7 0.011603
0.2 0.7 0.0084343
0.3 0.7 0.006396
0.4 0.7 0.0036949
0.5 0.7 0.0010072
0.6 0.7 -0.0016484
0.7 0.7 -0.0053508
0.8 0.7 -0.0075991
0.9 0.7 -0.010042
1 0.7 -0.01117
1.1 0.7 -0.012775
1.2 0.7 -0.013994
1.3 0.7 -0.014507
1.4 0.7 -0.015133
1.5 0.7 -0.015354
1.6 0.7 -0.015245
1.7 0.7 -0.014549
1.8 0.7 -0.013272
1.9 0.7 -0.013414
2 0.7 -0.010641
-2 0.8 -0.019753
-1.9 0.8 -0.011641
-1.8 0.8 -0.0045199
-1.7 0.8 0.0032343
-1.6 0.8 0.010075
-1.5 0.8 0.015293
-1.4 0.8 0.018694
-1.3 0.8 0.021936
-1.2 0.8 0.026809
-1.1 0.8 0.030961
-1 0.8 0.034069
-0.9 0.8 0.035218
-0.8 0.8 0.035533
-0.7 0.8 0.035865
-0.6 0.8 0.035106
-0.5 0.8 0.032329
-0.4 0.8 0.028974
-0.3 0.8 0.026317
-0.2 0.8 0.024986
-0.1 0.8 0.021976
0 0.8 0.018384
0.1 0.8 0.014672
0.2 0.8 0.011266
0.3 0.8 0.0087701
0.4 0.8 0.006693
0.5 0.8 0.0036863
0.6 0.8 0.00066856
0.7 0.8 -0.0023287
0.8 0.8 -0.0046963
0.9 0.8 -0.0071294
1 0.8 -0.0087392
1.1 0.8 -0.010604
1.2 0.8 -0.011797
1.3 0.8 -0.013232
1.4 0.8 -0.013941
1.5 0.8 -0.014488
1.6 0.8 -0.014603
1.7 0.8 -0.013964
1.8 0.8 -0.013001
1.9 0.8 -0.011015
2 0.8 -0.0082222
-2 0.9 -0.027709
-1.9 0.9 -0.01866
-1.8 0.9 -0.012628
-1.7 0.9 -0.0039438
-1.6 0.9 0.0043431
-1.5 0.9 0.01104
-1.4 0.9 0.016172
-1.3 0.9 0.019314
-1.2 0.9 0.022493
-1.1 0.9 0.026652
-1 0.9 0.03062
-0.9 0.9 0.033071
-0.8 0.9 0.03421
-0.7 0.9 0.035032
-0.6 0.9 0.035045
-0.5 0.9 0.03431
-0.4 0.9 0.030975
-0.3 0.9 0.029388
-0.2 0.9 0.027633
-0.1 0.9 0.02473
0 0.9 0.022112
0.1 0.9 0.019035
0.2 0.9 0.014925
0.3 0.9 0.01185
0.4 0.9 0.0091816
0.5 0.9 0.0068003
0.6 0.9 0.0034079
0.7 0.9 0.00040155
0.8 0.9 -0.0024744
0.9 0.9 -0.0048157
1 0.9 -0.0063303
1.1 0.9 -0.0087354
1.2 0.9 -0.0096248
1.3 0.9 -0.011159
1.4 0.9 -0.012758
1.5 0.9 -0.013402
1.6 0.9 -0.01374
1.7 0.9 -0.01325
1.8 0.9 -0.012827
1.9 0.9 -0.011033
2 0.9 -0.0080136
-2 1 -0.039152
-1.9 1 -0.029922
-1.8 1 -0.019021
-1.7 1 -0.012538
-1.6 1 -0.0017208
-1.5 1 0.0035577
-1.4 1 0.011527
-1.3 1 0.017083
-1.2 1 0.019825
-1.1 1 0.023444
-1 1 0.027456
-0.9 1 0.029912
-0.8 1 0.032
-0.7 1 0.034336
-0.6 1 0.035066
-0.5 1 0.034901
-0.4 1 0.033041
-0.3 1 0.031691
-0.2 1 0.029431
-0.1 1 0.026814
0 1 0.024323
0.1 1 0.022013
0.2 1 0.018515
0.3 1 0.015717
0.4 1 0.01321
0.5 1 0.0096067
0.6 1 0.0063503
0.7 1 0.0031441
0.8 1 -9.3321e-06
0.9 1 -0.002939
1 1 -0.004633
1.1 1 -0.0064057
1.2 1 -0.008036
1.3 1 -0.0096066
1.4 1 -0.010912
1.5 1 -0.01198
1.6 1 -0.01254
1.7 1 -0.012418
1.8 1 -0.011877
1.9 1 -0.010962
2 1 -0.0078101
-2 1.1 -0.049508
-1.9 1.1 -0.039964
-1.8 1.1 -0.031366
-1.7 1.1 -0.021713
-1.6 1.1 -0.010151
-1.5 1.1 -0.001687
-1.4 1.1 0.0046713
-1.3 1.1 0.012583
-1.2 1.1 0.016593
-1.1 1.1 0.019138
-1 1.1 0.0251
-0.9 1.1 0.027764
-0.8 1.1 0.030607
-0.7 1.1 0.032293
-0.6 1.1 0.034033
-0.5 1.1 0.035043
-0.4 1.1 0.03555
-0.3 1.1 0.032553
-0.2 1.1 0.030996
-0.1 1.1 0.028599
0 1.1 0.026195
0.1 1.1 0.024438
0.2 1.1 0.021584
0.3 1.1 0.018378
0.4 1.1 0.01579
0.5 1.1 0.012972
0.6 1.1 0.0099846
0.7 1.1 0.0060367
0.8 1.1 0.0026446
0.9 1.1 -0.00040876
1 1.1 -0.0024248
1.1 1.1 -0.0044554
1.2 1.1 -0.0065312
1.3 1.1 -0.0080133
1.4 1.1 -0.0099458
1.5 1.1 -0.010833
1.6 1.1 -0.011429
1.7 1.1 -0.011789
1.8 1.1 -0.011576
1.9 1.1 -0.010789
2 1.1 -0.0078341
-2 1.2 -0.055966
-1.9 1.2 -0.052643
-1.8 1.2 -0.040326
-1.7 1.2 -0.030587
-1.6 1.2 -0.022959
-1.5 1.2 -0.010926
-1.4 1.2 -0.0013503
-1.3 1.2 0.0046586
-1.2 1.2 0.012403
-1.1 1.2 0.016627
-1 1.2 0.019706
-0.9 1.2 0.025831
-0.8 1.2 0.02883
-0.7 1.2 0.031125
-0.6 1.2 0.03308
-0.5 1.2 0.033972
-0.4 1.2 0.035646
-0.3 1.2 0.033745
-0.2 1.2 0.031474
-0.1 1.2 0.029877
0 1.2 0.027551
0.1 1.2 0.025498
0.2 1.2 0.023725
0.3 1.2 0.021063
0.4 1.2 0.017615
0.5 1.2 0.014645
0.6 1.2 0.012354
0.7 1.2 0.0086759
0.8 1.2 0.005493
0.9 1.2 0.0017926
1 1.2 -0.00051974
1.1 1.2 -0.0027997
1.2 1.2 -0.0048499
1.3 1.2 -0.0061055
1.4 1.2 -0.0078235
1.5 1.2 -0.0095585
1.6 1.2 -0.010575
1.7 1.2 -0.011125
1.8 1.2 -0.010803
1.9 1.2 -0.010118
2 1.2 -0.0079407
-2 1.3 -0.063583
-1.9 1.3 -0.059195
-1.8 1.3 -0.05341
-1.7 1.3 -0.044815
-1.6 1.3 -0.031469
-1.5 1.3 -0.022532
-1.4 1.3 -0.010617
-1.3 1.3 -0.0010535
-1.2 1.3 0.0049939
-1.1 1.3 0.011223
-1 1.3 0.01506
-0.9 1.3 0.021466
-0.8 1.3 0.026779
-0.7 1.3 0.029716
-0.6 1.3 0.031313
-0.5 1.3 0.033305
-0.4 1.3 0.034164
-0.3 1.3 0.034008
-0.2 1.3 0.031782
-0.1 1.3 0.030141
0 1.3 0.028799
0.1 1.3 0.026618
0.2 1.3 0.024362
0.3 1.3 0.022373
0.4 1.3 0.020194
0.5 1.3 0.016446
0.6 1.3 0.014208
0.7 1.3 0.01109
0.8 1.3 0.0079574
0.9 1.3 0.0038475
1 1.3 0.0020345
1.1 1.3 -0.00019847
1.2 1.3 -0.0023992
1.3 1.3 -0.00411
1.4 1.3 -0.0058574
1.5 1.3 -0.0071504
1.6 1.3 -0.0087638
1.7 1.3 -0.0097931
1.8 1.3 -0.009532
1.9 1.3 -0.009336
2 1.3 -0.007661
-2 1.4 -0.068686
-1.9 1.4 -0.065871
-1.8 1.4 -0.061316
-1.7 1.4 -0.056057
-1.6 1.4 -0.046501
-1.5 1.4 -0.029959
-1.4 1.4 -0.021506
-1.3 1.4 -0.0095332
-1.2 1.4 -0.0014425
-1.1 1.4 0.006452
-1 1.4 0.011804
-0.9 1.4 0.016438
-0.8 1.4 0.022655
-0.7 1.4 0.026513
-0.6 1.4 0.029015
-0.5 1.4 0.032576
-0.4 1.4 0.033308
-0.3 1.4 0.03279
-0.2 1.4 0.030581
-0.1 1.4 0.02896
0 1.4 0.028457
0.1 1.4 0.027653
0.2 1.4 0.025146
0.3 1.4 0.023198
0.4 1.4 0.021418
0.5 1.4 0.018748
0.6 1.4 0.015564
0.7 1.4 0.012497
0.8 1.4 0.009671
0.9 1.4 0.006104
1 1.4 0.0034897
1.1 1.4 0.0018113
1.2 1.4 0.00067127
1.3 1.4 -0.0012324
1.4 1.4 -0.0033274
1.5 1.4 -0.0048593
1.6 1.4 -0.0068078
1.7 1.4 -0.0077764
1.8 1.4 -0.0082364
1.9 1.4 -0.0082112
2 1.4 -0.0074073
-2 1.5 -0.07514
-1.9 1.5 -0.071262
-1.8 1.5 -0.067302
-1.7 1.5 -0.060881
-1.6 1.5 -0.055361
-1.5 1.5 -0.046209
-1.4 1.5 -0.032085
-1.3 1.5 -0.018655
-1.2 1.5 -0.0090179
-1.1 1.5 -0.0013762
-1 1.5 0.0075285
-0.9 1.5 0.013123
-0.8 1.5 0.018064
-0.7 1.5 0.023156
-0.6 1.5 0.027668
-0.5 1.5 0.030017
-0.4 1.5 0.031123
-0.3 1.5 0.031002
-0.2 1.5 0.029797
-0.1 1.5 0.028059
0 1.5 0.026963
0.1 1.5 0.02656
0.2 1.5 0.024945
0.3 1.5 0.023094
0.4 1.5 0.021717
0.5 1.5 0.01956
0.6 1.5 0.017251
0.7 1.5 0.013408
0.8 1.5 0.01027
0.9 1.5 0.0077395
1 1.5 0.0051632
1.1 1.5 0.0028965
1.2 1.5 0.0019313
1.3 1.5 0.0015867
1.4 1.5 -6.9962e-05
1.5 1.5 -0.002053
1.6 1.5 -0.0041246
1.7 1.5 -0.0056367
1.8 1.5 -0.0064978
1.9 1.5 -0.0071626
2 1.5 -0.006496
-2 1.6 -0.080132
-1.9 1.6 -0.076814
-1.8 1.6 -0.072826
-1.7 1.6 -0.067713
-1.6 1.6 -0.061517
-1.5 1.6 -0.053637
-1.4 1.6 -0.04217
-1.3 1.6 -0.032437
-1.2 1.6 -0.01742
-1.1 1.6 -0.010246
-1 1.6 -0.0014211
-0.9 1.6 0.0088447
-0.8 1.6 0.014972
-0.7 1.6 0.019365
-0.6 1.6 0.024829
-0.5 1.6 0.027891
-0.4 1.6 0.029993
-0.3 1.6 0.030044
-0.2 1.6 0.029205
-0.1 1.6 0.026993
0 1.6 0.025452
0.1 1.6 0.024872
0.2 1.6 0.024269
0.3 1.6 0.023008
0.4 1.6 0.021949
0.5 1.6 0.02005
0.6 1.6 0.017711
0.7 1.6 0.014247
0.8 1.6 0.011015
0.9 1.6 0.009504
1 1.6 0.0065048
1.1 1.6 0.0038808
1.2 1.6 0.0020467
1.3 1.6 0.0015348
1.4 1.6 0.0010942
1.5 1.6 -0.00028389
1.6 1.6 -0.0017828
1.7 1.6 -0.003182
1.8 1.6 -0.0043846
1.9 1.6 -0.0053029
2 1.6 -0.0054899
-2 1.7 -0.083817
-1.9 1.7 -0.081643
-1.8 1.7 -0.078262
-1.7 1.7 -0.073042
-1.6 1.7 -0.066959
-1.5 1.7 -0.061152
-1.4 1.7 -0.052452
-1.3 1.7 -0.039163
-1.2 1.7 -0.030827
-1.1 1.7 -0.017859
-1 1.7 -0.0092998
-0.9 1.7 -0.0015408
-0.8 1.7 0.0078555
-0.7 1.7 0.015563
-0.6 1.7 0.022351
-0.5 1.7 0.025778
-0.4 1.7 0.027491
-0.3 1.7 0.02865
-0.2 1.7 0.029306
-0.1 1.7 0.027255
0 1.7 0.025321
0.1 1.7 0.023875
0.2 1.7 0.022483
0.3 1.7 0.021238
0.4 1.7 0.020339
0.5 1.7 0.019781
0.6 1.7 0.018526
0.7 1.7 0.015726
0.8 1.7 0.012058
0.9 1.7 0.0099355
1 1.7 0.0075714
1.1 1.7 0.0053365
1.2 1.7 0.0033632
1.3 1.7 0.0021577
1.4 1.7 0.0019185
1.5 1.7 0.00020477
1.6 1.7 -0.00083222
1.7 1.7 -0.0015172
1.8 1.7 -0.0023948
1.9 1.7 -0.0026595
2 1.7 -0.0038328
-2 1.8 -0.086205
-1.9 1.8 -0.083925
-1.8 1.8 -0.081452
-1.7 1.8 -0.077928
-1.6 1.8 -0.073023
-1.5 1.8 -0.066807
-1.4 1.8 -0.059963
-1.3 1.8 -0.048362
-1.2 1.8 -0.037151
-1.1 1.8 -0.030755
-1 1.8 -0.017159
-0.9 1.8 -0.0087899
-0.8 1.8 -0.0020132
-0.7 1.8 0.0085106
-0.6 1.8 0.014421
-0.5 1.8 0.0202
-0.4 1.8 0.025772
-0.3 1.8 0.026734
-0.2 1.8 0.027221
-0.1 1.8 0.027356
0 1.8 0.025147
0.1 1.8 0.0235
0.2 1.8 0.022212
0.3 1.8 0.020516
0.4 1.8 0.019862
0.5 1.8 0.017853
0.6 1.8 0.016591
0.7 1.8 0.015121
0.8 1.8 0.012549
0.9 1.8 0.011006
1 1.8 0.0085884
1.1 1.8 0.0059703
1.2 1.8 0.0042625
1.3 1.8 0.0027818
1.4 1.8 0.0024018
1.5 1.8 0.0011784
1.6 1.8 0.00039077
1.7 1.8 -0.00077341
1.8 1.8 -0.0014283
1.9 1.8 -0.0018032
2 1.8 -0.0017621
-2 1.9 -0.088638
-1.9 1.9 -0.08597
-1.8 1.9 -0.083563
-1.7 1.9 -0.080575
-1.6 1.9 -0.07589
-1.5 1.9 -0.071614
-1.4 1.9 -0.067064
-1.3 1.9 -0.058167
-1.2 1.9 -0.043983
-1.1 1.9 -0.035835
-1 1.9 -0.026951
-0.9 1.9 -0.020242
-0.8 1.9 -0.011671
-0.7 1.9 -0.00067449
-0.6 1.9 0.0076953
-0.5 1.9 0.014211
-0.4 1.9 0.019067
-0.3 1.9 0.021839
-0.2 1.9 0.024618
-0.1 1.9 0.0256
0 1.9 0.02425
0.1 1.9 0.023866
0.2 1.9 0.022332
0.3 1.9 0.020244
0.4 1.9 0.019185
0.5 1.9 0.017654
0.6 1.9 0.015653
0.7 1.9 0.014181
0.8 1.9 0.012215
0.9 1.9 0.010583
1 1.9 0.0092565
1.1 1.9 0.0067181
1.2 1.9 0.0054691
1.3 1.9 0.0040783
1.4 1.9 0.0026462
1.5 1.9 0.001805
1.6 1.9 0.001195
1.7 1.9 0.00031339
1.8 1.9 -0.0009061
1.9 1.9 -0.0015118
2 1.9 -0.0012788
-2 2 -0.09012
-1.9 2 -0.087743
-1.8 2 -0.085546
-1.7 2 -0.083057
-1.6 2 -0.079561
-1.5 2 -0.074199
-1.4 2 -0.06963
-1.3 2 -0.06426
-1.2 2 -0.050297
-1.1 2 -0.040366
-1 2 -0.034745
-0.9 2 -0.02554
-0.8 2 -0.021189
-0.7 2 -0.011312
-0.6 2 -0.0033587
-0.5 2 0.0048519
-0.4 2 0.013054
-0.3 2 0.018017
-0.2 2 0.019941
-0.1 2 0.021282
0 2 0.022038
0.1 2 0.0219
0.2 2 0.021428
0.3 2 0.020118
0.4 2 0.018969
0.5 2 0.016787
0.6 2 0.015839
0.7 2 0.013767
0.8 2 0.011989
0.9 2 0.010194
1 2 0.0089446
1.1 2 0.0073205
1.2 2 0.0048473
1.3 2 0.0035463
1.4 2 0.0021943
1.5 2 0.0017071
1.6 2 0.0015567
1.7 2 0.00081148
1.8 2 0.0003204
1.9 2 -0.0011468
2 2 -0.0012467
