-2 -2 -0.028654
-1.9 -2 -0.023864
-1.8 -2 -0.010706
-1.7 -2 -0.0047996
-1.6 -2 0.012989
-1.5 -2 0.019521
-1.4 -2 0.024656
-1.3 -2 0.034341
-1.2 -2 0.038542
-1.1 -2 0.038912
-1 -2 0.041058
-0.9 -2 0.039797
-0.8 -2 0.039056
-0.7 -2 0.034811
-0.6 -2 0.032225
-0.5 -2 0.029286
-0.4 -2 0.024141
-0.3 -2 0.019259
-0.2 -2 0.013286
-0.1 -2 0.0097767
0 -2 0.0078527
0.1 -2 0.009725
0.2 -2 0.011884
0.3 -2 0.013344
0.4 -2 0.020819
0.5 -2 0.027218
0.6 -2 0.028694
0.7 -2 0.032442
0.8 -2 0.034096
0.9 -2 0.037052
1 -2 0.042109
1.1 -2 0.041628
1.2 -2 0.039537
1.3 -2 0.037149
1.4 -2 0.033441
1.5 -2 0.030778
1.6 -2 0.02453
1.7 -2 0.017983
1.8 -2 0.011624
1.9 -2 0.00088282
2 -2 -0.0048028
-2 -1.9 -0.029495
-1.9 -1.9 -0.025313
-1.8 -1.9 -0.013245
-1.7 -1.9 -0.0047015
-1.6 -1.9 0.012167
-1.5 -1.9 0.019366
-1.4 -1.9 0.02487
-1.3 -1.9 0.035795
-1.2 -1.9 0.039233
-1.1 -1.9 0.042069
-1 -1.9 0.04034
-0.9 -1.9 0.039649
-0.8 -1.9 0.036711
-0.7 -1.9 0.031513
-0.6 -1.9 0.026904
-0.5 -1.9 0.023151
-0.4 -1.9 0.018683
-0.3 -1.9 0.013262
-0.2 -1.9 0.0073118
-0.1 -1.9 0.00084821
0 -1.9 -0.0014475
0.1 -1.9 -0.00061961
0.2 -1.9 0.0030125
0.3 -1.9 0.0044538
0.4 -1.9 0.011497
0.5 -1.9 0.019187
0.6 -1.9 0.021023
0.7 -1.9 0.023139
0.8 -1.9 0.024157
0.9 -1.9 0.028838
1 -1.9 0.032853
1.1 -1.9 0.031344
1.2 -1.9 0.029934
1.3 -1.9 0.026849
1.4 -1.9 0.023141
1.5 -1.9 0.019915
1.6 -1.9 0.01319
1.7 -1.9 0.0076804
1.8 -1.9 0.0012323
1.9 -1.9 -0.0088568
2 -1.9 -0.014566
-2 -1.8 -0.033259
-1.9 -1.8 -0.029523
-1.8 -1.8 -0.017615
-1.7 -1.8 -0.0051508
-1.6 -1.8 0.0096837
-1.5 -1.8 0.017249
-1.4 -1.8 0.028806
-1.3 -1.8 0.034008
-1.2 -1.8 0.036381
-1.1 -1.8 0.036513
-1 -1.8 0.034427
-0.9 -1.8 0.032897
-0.8 -1.8 0.030334
-0.7 -1.8 0.024581
-0.6 -1.8 0.021024
-0.5 -1.8 0.016375
-0.4 -1.8 0.010308
-0.3 -1.8 0.0039773
-0.2 -1.8 -0.0025909
-0.1 -1.8 -0.01127
0 -1.8 -0.015026
0.1 -1.8 -0.015589
0.2 -1.8 -0.014448
0.3 -1.8 -0.011221
0.4 -1.8 -0.0043788
0.5 -1.8 0.0028695
0.6 -1.8 0.0046121
0.7 -1.8 0.0095677
0.8 -1.8 0.012073
0.9 -1.8 0.017496
1 -1.8 0.023438
1.1 -1.8 0.023888
1.2 -1.8 0.024838
1.3 -1.8 0.021965
1.4 -1.8 0.01913
1.5 -1.8 0.016802
1.6 -1.8 0.010423
1.7 -1.8 0.0062999
1.8 -1.8 0.00018295
1.9 -1.8 -0.010907
2 -1.8 -0.017957
-2 -1.7 -0.035062
-1.9 -1.7 -0.030611
-1.8 -1.7 -0.019336
-1.7 -1.7 -0.0041703
-1.6 -1.7 0.0086839
-1.5 -1.7 0.016011
-1.4 -1.7 0.027772
-1.3 -1.7 0.026916
-1.2 -1.7 0.030056
-1.1 -1.7 0.030205
-1 -1.7 0.028102
-0.9 -1.7 0.024836
-0.8 -1.7 0.0209
-0.7 -1.7 0.014886
-0.6 -1.7 0.011251
-0.5 -1.7 0.0068896
-0.4 -1.7 0.0010645
-0.3 -1.7 -0.0059568
-0.2 -1.7 -0.012674
-0.1 -1.7 -0.020938
0 -1.7 -0.02546
0.1 -1.7 -0.022886
0.2 -1.7 -0.020994
0.3 -1.7 -0.019153
0.4 -1.7 -0.011906
0.5 -1.7 -0.0043822
0.6 -1.7 -0.0020282
0.7 -1.7 0.0017565
0.8 -1.7 0.0052464
0.9 -1.7 0.013736
1 -1.7 0.019173
1.1 -1.7 0.02176
1.2 -1.7 0.024185
1.3 -1.7 0.023047
1.4 -1.7 0.018259
1.5 -1.7 0.015033
1.6 -1.7 0.0096165
1.7 -1.7 0.0046006
1.8 -1.7 -0.0036643
1.9 -1.7 -0.014869
2 -1.7 -0.021855
-2 -1.6 -0.044854
-1.9 -1.6 -0.039786
-1.8 -1.6 -0.028828
-1.7 -1.6 -0.015608
-1.6 -1.6 -0.0013453
-1.5 -1.6 0.011766
-1.4 -1.6 0.020905
-1.3 -1.6 0.022818
-1.2 -1.6 0.026625
-1.1 -1.6 0.026796
-1 -1.6 0.027081
-0.9 -1.6 0.023834
-0.8 -1.6 0.019283
-0.7 -1.6 0.011798
-0.6 -1.6 0.0065209
-0.5 -1.6 0.0023154
-0.4 -1.6 -0.0037035
-0.3 -1.6 -0.01083
-0.2 -1.6 -0.018874
-0.1 -1.6 -0.026657
0 -1.6 -0.03025
0.1 -1.6 -0.028895
0.2 -1.6 -0.030084
0.3 -1.6 -0.027778
0.4 -1.6 -0.019997
0.5 -1.6 -0.011053
0.6 -1.6 -0.0069381
0.7 -1.6 -0.0030725
0.8 -1.6 0.0020313
0.9 -1.6 0.009372
1 -1.6 0.015056
1.1 -1.6 0.018467
1.2 -1.6 0.020144
1.3 -1.6 0.019791
1.4 -1.6 0.01546
1.5 -1.6 0.012421
1.6 -1.6 0.0078558
1.7 -1.6 0.002512
1.8 -1.6 -0.0062355
1.9 -1.6 -0.01779
2 -1.6 -0.025367
-2 -1.5 -0.052995
-1.9 -1.5 -0.043642
-1.8 -1.5 -0.030259
-1.7 -1.5 -0.017157
-1.6 -1.5 -0.0011634
-1.5 -1.5 0.016803
-1.4 -1.5 0.019263
-1.3 -1.5 0.023444
-1.2 -1.5 0.024432
-1.1 -1.5 0.024773
-1 -1.5 0.025663
-0.9 -1.5 0.021359
-0.8 -1.5 0.015704
-0.7 -1.5 0.0082489
-0.6 -1.5 0.0035787
-0.5 -1.5 -0.0018299
-0.4 -1.5 -0.0083292
-0.3 -1.5 -0.016171
-0.2 -1.5 -0.027224
-0.1 -1.5 -0.035255
0 -1.5 -0.038139
0.1 -1.5 -0.037451
0.2 -1.5 -0.037641
0.3 -1.5 -0.033349
0.4 -1.5 -0.026027
0.5 -1.5 -0.016937
0.6 -1.5 -0.012928
0.7 -1.5 -0.008989
0.8 -1.5 -0.003639
0.9 -1.5 0.0034253
1 -1.5 0.0082949
1.1 -1.5 0.011868
1.2 -1.5 0.015314
1.3 -1.5 0.015416
1.4 -1.5 0.01256
1.5 -1.5 0.0087505
1.6 -1.5 0.0037415
1.7 -1.5 -0.0015735
1.8 -1.5 -0.0093306
1.9 -1.5 -0.022
2 -1.5 -0.029021
-2 -1.4 -0.053565
-1.9 -1.4 -0.043276
-1.8 -1.4 -0.029916
-1.7 -1.4 -0.015784
-1.6 -1.4 0.0013265
-1.5 -1.4 0.017434
-1.4 -1.4 0.022015
-1.3 -1.4 0.022611
-1.2 -1.4 0.023309
-1.1 -1.4 0.023144
-1 -1.4 0.023308
-0.9 -1.4 0.019797
-0.8 -1.4 0.01414
-0.7 -1.4 0.0057741
-0.6 -1.4 0.0005426
-0.5 -1.4 -0.0050673
-0.4 -1.4 -0.012622
-0.3 -1.4 -0.022707
-0.2 -1.4 -0.033873
-0.1 -1.4 -0.041677
0 -1.4 -0.042854
0.1 -1.4 -0.043327
0.2 -1.4 -0.044128
0.3 -1.4 -0.039775
0.4 -1.4 -0.031949
0.5 -1.4 -0.022475
0.6 -1.4 -0.018199
0.7 -1.4 -0.01538
0.8 -1.4 -0.0087287
0.9 -1.4 -0.0015726
1 -1.4 0.0030835
1.1 -1.4 0.007019
1.2 -1.4 0.0090468
1.3 -1.4 0.010715
1.4 -1.4 0.010964
1.5 -1.4 0.0053776
1.6 -1.4 0.0010561
1.7 -1.4 -0.0014917
1.8 -1.4 -0.011738
1.9 -1.4 -0.023595
2 -1.4 -0.03112
-2 -1.3 -0.054426
-1.9 -1.3 -0.044299
-1.8 -1.3 -0.029797
-1.7 -1.3 -0.01632
-1.6 -1.3 0.007652
-1.5 -1.3 0.016782
-1.4 -1.3 0.019343
-1.3 -1.3 0.019026
-1.2 -1.3 0.021135
-1.1 -1.3 0.020917
-1 -1.3 0.021223
-0.9 -1.3 0.017995
-0.8 -1.3 0.011436
-0.7 -1.3 0.0027174
-0.6 -1.3 -0.0038601
-0.5 -1.3 -0.010338
-0.4 -1.3 -0.017501
-0.3 -1.3 -0.026831
-0.2 -1.3 -0.038432
-0.1 -1.3 -0.046193
0 -1.3 -0.047473
0.1 -1.3 -0.047261
0.2 -1.3 -0.047786
0.3 -1.3 -0.045698
0.4 -1.3 -0.035377
0.5 -1.3 -0.025647
0.6 -1.3 -0.021155
0.7 -1.3 -0.018359
0.8 -1.3 -0.0097736
0.9 -1.3 -0.00344
1 -1.3 0.0013855
1.1 -1.3 0.0056661
1.2 -1.3 0.0084588
1.3 -1.3 0.0088418
1.4 -1.3 0.0085232
1.5 -1.3 0.0022832
1.6 -1.3 -0.0011105
1.7 -1.3 -0.0039403
1.8 -1.3 -0.014913
1.9 -1.3 -0.023838
2 -1.3 -0.03198
-2 -1.2 -0.055798
-1.9 -1.2 -0.047541
-1.8 -1.2 -0.029632
-1.7 -1.2 -0.019368
-1.6 -1.2 0.0079182
-1.5 -1.2 0.014619
-1.4 -1.2 0.015861
-1.3 -1.2 0.018179
-1.2 -1.2 0.020507
-1.1 -1.2 0.02038
-1 -1.2 0.020804
-0.9 -1.2 0.01719
-0.8 -1.2 0.0084243
-0.7 -1.2 -0.00069982
-0.6 -1.2 -0.0069013
-0.5 -1.2 -0.012271
-0.4 -1.2 -0.020107
-0.3 -1.2 -0.031028
-0.2 -1.2 -0.043264
-0.1 -1.2 -0.05049
0 -1.2 -0.050692
0.1 -1.2 -0.05144
0.2 -1.2 -0.050015
0.3 -1.2 -0.04933
0.4 -1.2 -0.03711
0.5 -1.2 -0.026132
0.6 -1.2 -0.021288
0.7 -1.2 -0.017865
0.8 -1.2 -0.0093743
0.9 -1.2 -0.0037075
1 -1.2 0.0006685
1.1 -1.2 0.0049191
1.2 -1.2 0.0087546
1.3 -1.2 0.0094996
1.4 -1.2 0.009436
1.5 -1.2 0.0043899
1.6 -1.2 -0.0041375
1.7 -1.2 -0.0076773
1.8 -1.2 -0.017575
1.9 -1.2 -0.027582
2 -1.2 -0.034178
-2 -1.1 -0.055707
-1.9 -1.1 -0.043697
-1.8 -1.1 -0.031451
-1.7 -1.1 -0.016514
-1.6 -1.1 0.0083609
-1.5 -1.1 0.014624
-1.4 -1.1 0.017053
-1.3 -1.1 0.017601
-1.2 -1.1 0.019723
-1.1 -1.1 0.019489
-1 -1.1 0.019514
-0.9 -1.1 0.016347
-0.8 -1.1 0.0085892
-0.7 -1.1 -0.0018035
-0.6 -1.1 -0.0086175
-0.5 -1.1 -0.014515
-0.4 -1.1 -0.023101
-0.3 -1.1 -0.036411
-0.2 -1.1 -0.047043
-0.1 -1.1 -0.051885
0 -1.1 -0.052561
0.1 -1.1 -0.05336
0.2 -1.1 -0.050744
0.3 -1.1 -0.049786
0.4 -1.1 -0.038265
0.5 -1.1 -0.02635
0.6 -1.1 -0.021486
0.7 -1.1 -0.017701
0.8 -1.1 -0.0089504
0.9 -1.1 -0.0036787
1 -1.1 0.0014797
1.1 -1.1 0.0057088
1.2 -1.1 0.008047
1.3 -1.1 0.0088271
1.4 -1.1 0.010037
1.5 -1.1 0.0054312
1.6 -1.1 -0.0036597
1.7 -1.1 -0.008612
1.8 -1.1 -0.021444
1.9 -1.1 -0.031537
2 -1.1 -0.038297
-2 -1 -0.056355
-1.9 -1 -0.044197
-1.8 -1 -0.030157
-1.7 -1 -0.0098795
-1.6 -1 0.0089704
-1.5 -1 0.013494
-1.4 -1 0.016836
-1.3 -1 0.018071
-1.2 -1 0.020179
-1.1 -1 0.02146
-1 -1 0.019533
-0.9 -1 0.016484
-0.8 -1 0.0090337
-0.7 -1 -0.0010823
-0.6 -1 -0.0087224
-0.5 -1 -0.015575
-0.4 -1 -0.025913
-0.3 -1 -0.038551
-0.2 -1 -0.049114
-0.1 -1 -0.051238
0 -1 -0.052649
0.1 -1 -0.052823
0.2 -1 -0.049327
0.3 -1 -0.04689
0.4 -1 -0.035171
0.5 -1 -0.024258
0.6 -1 -0.019851
0.7 -1 -0.015605
0.8 -1 -0.0065112
0.9 -1 -0.00057092
1 -1 0.0040017
1.1 -1 0.0082355
1.2 -1 0.009799
1.3 -1 0.010595
1.4 -1 0.0096177
1.5 -1 0.0054233
1.6 -1 -0.0025799
1.7 -1 -0.010329
1.8 -1 -0.022996
1.9 -1 -0.034035
2 -1 -0.042004
-2 -0.9 -0.054687
-1.9 -0.9 -0.041798
-1.8 -0.9 -0.031295
-1.7 -0.9 -0.009624
-1.6 -0.9 0.0082302
-1.5 -0.9 0.013342
-1.4 -0.9 0.015998
-1.3 -0.9 0.018157
-1.2 -0.9 0.019916
-1.1 -0.9 0.023271
-1 -0.9 0.021963
-0.9 -0.9 0.018765
-0.8 -0.9 0.010797
-0.7 -0.9 0.00039464
-0.6 -0.9 -0.0076574
-0.5 -0.9 -0.01515
-0.4 -0.9 -0.026084
-0.3 -0.9 -0.037001
-0.2 -0.9 -0.047216
-0.1 -0.9 -0.049313
0 -0.9 -0.050587
0.1 -0.9 -0.050136
0.2 -0.9 -0.047567
0.3 -0.9 -0.044437
0.4 -0.9 -0.033202
0.5 -0.9 -0.021285
0.6 -0.9 -0.016201
0.7 -0.9 -0.011406
0.8 -0.9 -0.0022513
0.9 -0.9 0.0033754
1 -0.9 0.0071987
1.1 -0.9 0.01189
1.2 -0.9 0.01339
1.3 -0.9 0.013591
1.4 -0.9 0.012017
1.5 -0.9 0.0067038
1.6 -0.9 -0.0016919
1.7 -0.9 -0.0093776
1.8 -0.9 -0.022354
1.9 -0.9 -0.032883
2 -0.9 -0.042728
-2 -0.8 -0.054218
-1.9 -0.8 -0.042997
-1.8 -0.8 -0.027462
-1.7 -0.8 -0.0094846
-1.6 -0.8 0.0087512
-1.5 -0.8 0.012555
-1.4 -0.8 0.017428
-1.3 -0.8 0.019542
-1.2 -0.8 0.020715
-1.1 -0.8 0.024888
-1 -0.8 0.023385
-0.9 -0.8 0.020547
-0.8 -0.8 0.014373
-0.7 -0.8 0.0048159
-0.6 -0.8 -0.0052618
-0.5 -0.8 -0.013059
-0.4 -0.8 -0.024282
-0.3 -0.8 -0.034571
-0.2 -0.8 -0.044345
-0.1 -0.8 -0.046082
0 -0.8 -0.047045
0.1 -0.8 -0.046381
0.2 -0.8 -0.044946
0.3 -0.8 -0.039994
0.4 -0.8 -0.029146
0.5 -0.8 -0.017878
0.6 -0.8 -0.012482
0.7 -0.8 -0.0061236
0.8 -0.8 0.0022587
0.9 -0.8 0.0069617
1 -0.8 0.010459
1.1 -0.8 0.015467
1.2 -0.8 0.016656
1.3 -0.8 0.016614
1.4 -0.8 0.014713
1.5 -0.8 0.0093749
1.6 -0.8 0.0011444
1.7 -0.8 -0.0084114
1.8 -0.8 -0.022825
1.9 -0.8 -0.032232
2 -0.8 -0.04242
-2 -0.7 -0.054516
-1.9 -0.7 -0.040764
-1.8 -0.7 -0.020891
-1.7 -0.7 -0.012129
-1.6 -0.7 0.0094433
-1.5 -0.7 0.013894
-1.4 -0.7 0.019298
-1.3 -0.7 0.02271
-1.2 -0.7 0.024979
-1.1 -0.7 0.028148
-1 -0.7 0.025996
-0.9 -0.7 0.02319
-0.8 -0.7 0.017411
-0.7 -0.7 0.0082656
-0.6 -0.7 -0.0015782
-0.5 -0.7 -0.0093596
-0.4 -0.7 -0.020302
-0.3 -0.7 -0.029522
-0.2 -0.7 -0.039251
-0.1 -0.7 -0.040986
0 -0.7 -0.042318
0.1 -0.7 -0.042254
0.2 -0.7 -0.040793
0.3 -0.7 -0.03619
0.4 -0.7 -0.025351
0.5 -0.7 -0.013084
0.6 -0.7 -0.0075617
0.7 -0.7 -7.4137e-05
0.8 -0.7 0.00668
0.9 -0.7 0.011574
1 -0.7 0.014901
1.1 -0.7 0.019997
1.2 -0.7 0.020621
1.3 -0.7 0.019972
1.4 -0.7 0.017643
1.5 -0.7 0.0118
1.6 -0.7 0.0035075
1.7 -0.7 -0.0050229
1.8 -0.7 -0.022232
1.9 -0.7 -0.033398
2 -0.7 -0.04111
-2 -0.6 -0.054861
-1.9 -0.6 -0.033116
-1.8 -0.6 -0.01898
-1.7 -0.6 -0.010009
-1.6 -0.6 0.0093729
-1.5 -0.6 0.015024
-1.4 -0.6 0.021103
-1.3 -0.6 0.024694
-1.2 -0.6 0.028531
-1.1 -0.6 0.032289
-1 -0.6 0.031308
-0.9 -0.6 0.026998
-0.8 -0.6 0.020599
-0.7 -0.6 0.013472
-0.6 -0.6 0.0027209
-0.5 -0.6 -0.0059435
-0.4 -0.6 -0.017667
-0.3 -0.6 -0.025736
-0.2 -0.6 -0.033909
-0.1 -0.6 -0.036491
0 -0.6 -0.038033
0.1 -0.6 -0.038839
0.2 -0.6 -0.037255
0.3 -0.6 -0.032089
0.4 -0.6 -0.021157
0.5 -0.6 -0.0080463
0.6 -0.6 -0.0022626
0.7 -0.6 0.0063874
0.8 -0.6 0.012623
0.9 -0.6 0.018148
1 -0.6 0.021667
1.1 -0.6 0.025867
1.2 -0.6 0.026317
1.3 -0.6 0.025068
1.4 -0.6 0.022509
1.5 -0.6 0.016276
1.6 -0.6 0.0083416
1.7 -0.6 0.00024802
1.8 -0.6 -0.017978
1.9 -0.6 -0.029937
2 -0.6 -0.039431
-2 -0.5 -0.053944
-1.9 -0.5 -0.028481
-1.8 -0.5 -0.015646
-1.7 -0.5 -0.0086586
-1.6 -0.5 0.0090722
-1.5 -0.5 0.016213
-1.4 -0.5 0.02267
-1.3 -0.5 0.02663
-1.2 -0.5 0.03094
-1.1 -0.5 0.034978
-1 -0.5 0.033522
-0.9 -0.5 0.03063
-0.8 -0.5 0.026805
-0.7 -0.5 0.019968
-0.6 -0.5 0.0075753
-0.5 -0.5 -0.0018011
-0.4 -0.5 -0.012705
-0.3 -0.5 -0.023493
-0.2 -0.5 -0.028304
-0.1 -0.5 -0.030663
0 -0.5 -0.030931
0.1 -0.5 -0.031195
0.2 -0.5 -0.029702
0.3 -0.5 -0.024951
0.4 -0.5 -0.015623
0.5 -0.5 -0.0021561
0.6 -0.5 0.0067047
0.7 -0.5 0.015302
0.8 -0.5 0.020974
0.9 -0.5 0.026753
1 -0.5 0.029236
1.1 -0.5 0.032474
1.2 -0.5 0.032328
1.3 -0.5 0.030456
1.4 -0.5 0.02682
1.5 -0.5 0.019737
1.6 -0.5 0.012687
1.7 -0.5 0.003893
1.8 -0.5 -0.014447
1.9 -0.5 -0.029315
2 -0.5 -0.038463
-2 -0.4 -0.042605
-1.9 -0.4 -0.019799
-1.8 -0.4 -0.011654
-1.7 -0.4 -0.0050843
-1.6 -0.4 0.0081068
-1.5 -0.4 0.02
-1.4 -0.4 0.026191
-1.3 -0.4 0.030166
-1.2 -0.4 0.034775
-1.1 -0.4 0.03918
-1 -0.4 0.03859
-0.9 -0.4 0.035883
-0.8 -0.4 0.031477
-0.7 -0.4 0.025428
-0.6 -0.4 0.014057
-0.5 -0.4 0.0031866
-0.4 -0.4 -0.007639
-0.3 -0.4 -0.018766
-0.2 -0.4 -0.023183
-0.1 -0.4 -0.025691
0 -0.4 -0.025956
0.1 -0.4 -0.025918
0.2 -0.4 -0.024683
0.3 -0.4 -0.019396
0.4 -0.4 -0.0097842
0.5 -0.4 0.0042505
0.6 -0.4 0.013141
0.7 -0.4 0.02243
0.8 -0.4 0.027492
0.9 -0.4 0.032216
1 -0.4 0.034301
1.1 -0.4 0.037782
1.2 -0.4 0.036665
1.3 -0.4 0.034892
1.4 -0.4 0.03012
1.5 -0.4 0.022921
1.6 -0.4 0.015223
1.7 -0.4 0.0063614
1.8 -0.4 -0.013683
1.9 -0.4 -0.029547
2 -0.4 -0.038514
-2 -0.3 -0.037975
-1.9 -0.3 -0.018601
-1.8 -0.3 -0.010683
-1.7 -0.3 -0.0034846
-1.6 -0.3 0.009804
-1.5 -0.3 0.022349
-1.4 -0.3 0.028256
-1.3 -0.3 0.032192
-1.2 -0.3 0.036721
-1.1 -0.3 0.041068
-1 -0.3 0.041596
-0.9 -0.3 0.038869
-0.8 -0.3 0.034177
-0.7 -0.3 0.029277
-0.6 -0.3 0.017397
-0.5 -0.3 0.005324
-0.4 -0.3 -0.0032631
-0.3 -0.3 -0.012992
-0.2 -0.3 -0.017538
-0.1 -0.3 -0.020962
0 -0.3 -0.022054
0.1 -0.3 -0.021672
0.2 -0.3 -0.019765
0.3 -0.3 -0.016702
0.4 -0.3 -0.0043144
0.5 -0.3 0.010014
0.6 -0.3 0.018892
0.7 -0.3 0.028316
0.8 -0.3 0.032737
0.9 -0.3 0.036134
1 -0.3 0.038203
1.1 -0.3 0.040826
1.2 -0.3 0.039928
1.3 -0.3 0.038179
1.4 -0.3 0.032436
1.5 -0.3 0.025703
1.6 -0.3 0.016742
1.7 -0.3 0.0064221
1.8 -0.3 -0.013102
1.9 -0.3 -0.029691
2 -0.3 -0.039148
-2 -0.2 -0.035005
-1.9 -0.2 -0.018625
-1.8 -0.2 -0.0094942
-1.7 -0.2 -0.0019028
-1.6 -0.2 0.01076
-1.5 -0.2 0.023076
-1.4 -0.2 0.028279
-1.3 -0.2 0.032606
-1.2 -0.2 0.037242
-1.1 -0.2 0.042057
-1 -0.2 0.043529
-0.9 -0.2 0.040774
-0.8 -0.2 0.035631
-0.7 -0.2 0.030786
-0.6 -0.2 0.019476
-0.5 -0.2 0.0050856
-0.4 -0.2 -0.0017184
-0.3 -0.2 -0.010235
-0.2 -0.2 -0.014288
-0.1 -0.2 -0.016085
0 -0.2 -0.01729
0.1 -0.2 -0.016492
0.2 -0.2 -0.015769
0.3 -0.2 -0.012704
0.4 -0.2 0.00068474
0.5 -0.2 0.013904
0.6 -0.2 0.023095
0.7 -0.2 0.032712
0.8 -0.2 0.037889
0.9 -0.2 0.041052
1 -0.2 0.042455
1.1 -0.2 0.04437
1.2 -0.2 0.042932
1.3 -0.2 0.040948
1.4 -0.2 0.034606
1.5 -0.2 0.026533
1.6 -0.2 0.017733
1.7 -0.2 0.004154
1.8 -0.2 -0.013112
1.9 -0.2 -0.029586
2 -0.2 -0.038869
-2 -0.1 -0.032941
-1.9 -0.1 -0.019353
-1.8 -0.1 -0.0095713
-1.7 -0.1 -0.0017334
-1.6 -0.1 0.010424
-1.5 -0.1 0.019283
-1.4 -0.1 0.028126
-1.3 -0.1 0.032996
-1.2 -0.1 0.037894
-1.1 -0.1 0.04286
-1 -0.1 0.044069
-0.9 -0.1 0.041592
-0.8 -0.1 0.036272
-0.7 -0.1 0.031042
-0.6 -0.1 0.020762
-0.5 -0.1 0.0069028
-0.4 -0.1 -0.00092186
-0.3 -0.1 -0.0084806
-0.2 -0.1 -0.012235
-0.1 -0.1 -0.013787
0 -0.1 -0.014358
0.1 -0.1 -0.012883
0.2 -0.1 -0.010346
0.3 -0.1 -0.0081366
0.4 -0.1 0.0044371
0.5 -0.1 0.017376
0.6 -0.1 0.026086
0.7 -0.1 0.036074
0.8 -0.1 0.040623
0.9 -0.1 0.045243
1 -0.1 0.04595
1.1 -0.1 0.047789
1.2 -0.1 0.047077
1.3 -0.1 0.044211
1.4 -0.1 0.036564
1.5 -0.1 0.026902
1.6 -0.1 0.017397
1.7 -0.1 0.0027323
1.8 -0.1 -0.013669
1.9 -0.1 -0.03043
2 -0.1 -0.040643
-2 0 -0.032995
-1.9 0 -0.019923
-1.8 0 -0.011449
-1.7 0 -0.002745
-1.6 0 0.0087466
-1.5 0 0.018557
-1.4 0 0.026426
-1.3 0 0.032192
-1.2 0 0.036966
-1.1 0 0.041489
-1 0 0.043709
-0.9 0 0.041555
-0.8 0 0.036839
-0.7 0 0.031884
-0.6 0 0.02199
-0.5 0 0.0079857
-0.4 0 -0.0016596
-0.3 0 -0.0077502
-0.2 0 -0.010234
-0.1 0 -0.011628
0 0 -0.012035
0.1 0 -0.010317
0.2 0 -0.0074286
0.3 0 -0.0048769
0.4 0 0.0071671
0.5 0 0.020433
0.6 0 0.028642
0.7 0 0.038234
0.8 0 0.041934
0.9 0 0.046141
1 0 0.047477
1.1 0 0.048931
1.2 0 0.04867
1.3 0 0.044619
1.4 0 0.037152
1.5 0 0.026127
1.6 0 0.015868
1.7 0 -0.00131
1.8 0 -0.017519
1.9 0 -0.032344
2 0 -0.041027
-2 0.1 -0.035632
-1.9 0.1 -0.021214
-1.8 0.1 -0.015211
-1.7 0.1 -0.0051371
-1.6 0.1 0.0065701
-1.5 0.1 0.014634
-1.4 0.1 0.021985
-1.3 0.1 0.031531
-1.2 0.1 0.037366
-1.1 0.1 0.04157
-1 0.1 0.043101
-0.9 0.1 0.040618
-0.8 0.1 0.036232
-0.7 0.1 0.031195
-0.6 0.1 0.021631
-0.5 0.1 0.0076578
-0.4 0.1 -0.0030413
-0.3 0.1 -0.0074301
-0.2 0.1 -0.0094538
-0.1 0.1 -0.011106
0 0.1 -0.01009
0.1 0.1 -0.0087288
0.2 0.1 -0.0056632
0.3 0.1 -0.0031814
0.4 0.1 0.006933
0.5 0.1 0.021983
0.6 0.1 0.030657
0.7 0.1 0.039075
0.8 0.1 0.043683
0.9 0.1 0.047565
1 0.1 0.048793
1.1 0.1 0.047004
1.2 0.1 0.046089
1.3 0.1 0.040872
1.4 0.1 0.032469
1.5 0.1 0.023676
1.6 0.1 0.013082
1.7 0.1 -0.0022068
1.8 0.1 -0.017756
1.9 0.1 -0.031763
2 0.1 -0.041938
-2 0.2 -0.035635
-1.9 0.2 -0.023544
-1.8 0.2 -0.017567
-1.7 0.2 -0.0075069
-1.6 0.2 0.0039722
-1.5 0.2 0.011069
-1.4 0.2 0.01958
-1.3 0.2 0.030224
-1.2 0.2 0.035958
-1.1 0.2 0.040376
-1 0.2 0.041251
-0.9 0.2 0.039033
-0.8 0.2 0.036583
-0.7 0.2 0.030196
-0.6 0.2 0.019019
-0.5 0.2 0.0077383
-0.4 0.2 -0.0027778
-0.3 0.2 -0.0065021
-0.2 0.2 -0.008378
-0.1 0.2 -0.010178
0 0.2 -0.0090837
0.1 0.2 -0.0073053
0.2 0.2 -0.0046488
0.3 0.2 -0.0026533
0.4 0.2 0.0051028
0.5 0.2 0.021141
0.6 0.2 0.028992
0.7 0.2 0.035749
0.8 0.2 0.040792
0.9 0.2 0.043114
1 0.2 0.045488
1.1 0.2 0.046234
1.2 0.2 0.044511
1.3 0.2 0.037442
1.4 0.2 0.030074
1.5 0.2 0.020877
1.6 0.2 0.011204
1.7 0.2 -0.003234
1.8 0.2 -0.018652
1.9 0.2 -0.031666
2 0.2 -0.042245
-2 0.3 -0.036862
-1.9 0.3 -0.026264
-1.8 0.3 -0.019737
-1.7 0.3 -0.0096277
-1.6 0.3 0.0023184
-1.5 0.3 0.0086807
-1.4 0.3 0.017314
-1.3 0.3 0.027538
-1.2 0.3 0.032213
-1.1 0.3 0.036266
-1 0.3 0.037638
-0.9 0.3 0.036793
-0.8 0.3 0.034484
-0.7 0.3 0.028528
-0.6 0.3 0.016791
-0.5 0.3 0.006984
-0.4 0.3 -0.003389
-0.3 0.3 -0.0064254
-0.2 0.3 -0.0079821
-0.1 0.3 -0.0096272
0 0.3 -0.0088906
0.1 0.3 -0.0075342
0.2 0.3 -0.0063958
0.3 0.3 -0.0060172
0.4 0.3 0.0015316
0.5 0.3 0.016704
0.6 0.3 0.02582
0.7 0.3 0.031377
0.8 0.3 0.037767
0.9 0.3 0.040659
1 0.3 0.043382
1.1 0.3 0.043508
1.2 0.3 0.04023
1.3 0.3 0.034046
1.4 0.3 0.02755
1.5 0.3 0.018854
1.6 0.3 0.0087215
1.7 0.3 -0.0047046
1.8 0.3 -0.020539
1.9 0.3 -0.034023
2 0.3 -0.044556
-2 0.4 -0.034744
-1.9 0.4 -0.028141
-1.8 0.4 -0.021658
-1.7 0.4 -0.012669
-1.6 0.4 0.00013206
-1.5 0.4 0.0066532
-1.4 0.4 0.015576
-1.3 0.4 0.022109
-1.2 0.4 0.030396
-1.1 0.4 0.032802
-1 0.4 0.033231
-0.9 0.4 0.032288
-0.8 0.4 0.030491
-0.7 0.4 0.024956
-0.6 0.4 0.014482
-0.5 0.4 0.0051002
-0.4 0.4 -0.0043365
-0.3 0.4 -0.0071393
-0.2 0.4 -0.011572
-0.1 0.4 -0.013195
0 0.4 -0.012535
0.1 0.4 -0.011471
0.2 0.4 -0.009399
0.3 0.4 -0.0082015
0.4 0.4 -0.00063803
0.5 0.4 0.01299
0.6 0.4 0.023826
0.7 0.4 0.028021
0.8 0.4 0.034548
0.9 0.4 0.036875
1 0.4 0.039926
1.1 0.4 0.04076
1.2 0.4 0.037378
1.3 0.4 0.03003
1.4 0.4 0.02398
1.5 0.4 0.015789
1.6 0.4 0.0065416
1.7 0.4 -0.0066901
1.8 0.4 -0.023253
1.9 0.4 -0.036379
2 0.4 -0.049936
-2 0.5 -0.036624
-1.9 0.5 -0.030633
-1.8 0.5 -0.023559
-1.7 0.5 -0.015531
-1.6 0.5 -0.002299
-1.5 0.5 0.0023979
-1.4 0.5 0.013008
-1.3 0.5 0.0193
-1.2 0.5 0.027022
-1.1 0.5 0.029527
-1 0.5 0.030308
-0.9 0.5 0.029159
-0.8 0.5 0.027038
-0.7 0.5 0.020124
-0.6 0.5 0.0094182
-0.5 0.5 -0.00067278
-0.4 0.5 -0.0090664
-0.3 0.5 -0.0114
-0.2 0.5 -0.014381
-0.1 0.5 -0.015473
0 0.5 -0.014678
0.1 0.5 -0.013921
0.2 0.5 -0.011987
0.3 0.5 -0.010341
0.4 0.5 -0.0026728
0.5 0.5 0.011422
0.6 0.5 0.02061
0.7 0.5 0.024809
0.8 0.5 0.030346
0.9 0.5 0.032831
1 0.5 0.036025
1.1 0.5 0.035437
1.2 0.5 0.032788
1.3 0.5 0.027021
1.4 0.5 0.020507
1.5 0.5 0.010666
1.6 0.5 0.0021045
1.7 0.5 -0.012698
1.8 0.5 -0.028343
1.9 0.5 -0.039318
2 0.5 -0.052183
-2 0.6 -0.03864
-1.9 0.6 -0.033702
-1.8 0.6 -0.02589
-1.7 0.6 -0.016603
-1.6 0.6 -0.0043966
-1.5 0.6 0.00029843
-1.4 0.6 0.010518
-1.3 0.6 0.015922
-1.2 0.6 0.023522
-1.1 0.6 0.024907
-1 0.6 0.024664
-0.9 0.6 0.023439
-0.8 0.6 0.021722
-0.7 0.6 0.013721
-0.6 0.6 0.0062232
-0.5 0.6 -0.0064914
-0.4 0.6 -0.012378
-0.3 0.6 -0.015515
-0.2 0.6 -0.018034
-0.1 0.6 -0.0203
0 0.6 -0.019356
0.1 0.6 -0.019076
0.2 0.6 -0.0176
0.3 0.6 -0.014438
0.4 0.6 -0.0085863
0.5 0.6 0.0036594
0.6 0.6 0.011966
0.7 0.6 0.016178
0.8 0.6 0.020507
0.9 0.6 0.022349
1 0.6 0.024968
1.1 0.6 0.023343
1.2 0.6 0.022652
1.3 0.6 0.017732
1.4 0.6 0.011095
1.5 0.6 0.0026029
1.6 0.6 -0.0059093
1.7 0.6 -0.021335
1.8 0.6 -0.034326
1.9 0.6 -0.044119
2 0.6 -0.055412
-2 0.7 -0.040442
-1.9 0.7 -0.035909
-1.8 0.7 -0.029273
-1.7 0.7 -0.020714
-1.6 0.7 -0.011553
-1.5 0.7 -0.0069451
-1.4 0.7 0.001877
-1.3 0.7 0.0063907
-1.2 0.7 0.010912
-1.1 0.7 0.017142
-1 0.7 0.017106
-0.9 0.7 0.016356
-0.8 0.7 0.014574
-0.7 0.7 0.0061259
-0.6 0.7 0.001344
-0.5 0.7 -0.01199
-0.4 0.7 -0.018701
-0.3 0.7 -0.023758
-0.2 0.7 -0.026109
-0.1 0.7 -0.028654
0 0.7 -0.028806
0.1 0.7 -0.028363
0.2 0.7 -0.026543
0.3 0.7 -0.022224
0.4 0.7 -0.015817
0.5 0.7 -0.0022177
0.6 0.7 0.005245
0.7 0.7 0.010929
0.8 0.7 0.013376
0.9 0.7 0.016897
1 0.7 0.020014
1.1 0.7 0.019031
1.2 0.7 0.019148
1.3 0.7 0.014311
1.4 0.7 0.0091634
1.5 0.7 -0.0014396
1.6 0.7 -0.0094015
1.7 0.7 -0.02237
1.8 0.7 -0.033932
1.9 0.7 -0.047203
2 0.7 -0.055002
-2 0.8 -0.044711
-1.9 0.8 -0.040512
-1.8 0.8 -0.036351
-1.7 0.8 -0.026668
-1.6 0.8 -0.016479
-1.5 0.8 -0.0099804
-1.4 0.8 -0.0025744
-1.3 0.8 0.0027164
-1.2 0.8 0.0074514
-1.1 0.8 0.011881
-1 0.8 0.012134
-0.9 0.8 0.011614
-0.8 0.8 0.0095867
-0.7 0.8 0.0020615
-0.6 0.8 -0.0027971
-0.5 0.8 -0.013767
-0.4 0.8 -0.021089
-0.3 0.8 -0.026025
-0.2 0.8 -0.028138
-0.1 0.8 -0.032082
0 0.8 -0.032232
0.1 0.8 -0.031231
0.2 0.8 -0.0297
0.3 0.8 -0.023903
0.4 0.8 -0.018245
0.5 0.8 -0.0045853
0.6 0.8 0.0019121
0.7 0.8 0.0063112
0.8 0.8 0.0070711
0.9 0.8 0.011666
1 0.8 0.014448
1.1 0.8 0.014941
1.2 0.8 0.015392
1.3 0.8 0.010071
1.4 0.8 0.0042505
1.5 0.8 -0.0054964
1.6 0.8 -0.011392
1.7 0.8 -0.024627
1.8 0.8 -0.034673
1.9 0.8 -0.045933
2 0.8 -0.053664
-2 0.9 -0.049219
-1.9 0.9 -0.044154
-1.8 0.9 -0.040262
-1.7 0.9 -0.030727
-1.6 0.9 -0.020336
-1.5 0.9 -0.013839
-1.4 0.9 -0.0073775
-1.3 0.9 -0.00023527
-1.2 0.9 0.0046997
-1.1 0.9 0.0071107
-1 0.9 0.010416
-0.9 0.9 0.010133
-0.8 0.9 0.0070817
-0.7 0.9 0.00021679
-0.6 0.9 -0.0041905
-0.5 0.9 -0.01322
-0.4 0.9 -0.02039
-0.3 0.9 -0.026779
-0.2 0.9 -0.029317
-0.1 0.9 -0.034038
0 0.9 -0.035438
0.1 0.9 -0.035042
0.2 0.9 -0.032828
0.3 0.9 -0.026696
0.4 0.9 -0.021415
0.5 0.9 -0.0081554
0.6 0.9 -0.0018925
0.7 0.9 0.001854
0.8 0.9 0.0035107
0.9 0.9 0.0081202
1 0.9 0.010084
1.1 0.9 0.011052
1.2 0.9 0.010868
1.3 0.9 0.0052761
1.4 0.9 -0.0013615
1.5 0.9 -0.0080178
1.6 0.9 -0.013828
1.7 0.9 -0.026543
1.8 0.9 -0.039257
1.9 0.9 -0.045186
2 0.9 -0.053598
-2 1 -0.045044
-1.9 1 -0.041189
-1.8 1 -0.039104
-1.7 1 -0.031366
-1.6 1 -0.019393
-1.5 1 -0.015011
-1.4 1 -0.0092023
-1.3 1 -0.00079372
-1.2 1 0.0046602
-1.1 1 0.0063209
-1 1 0.009481
-0.9 1 0.0092713
-0.8 1 0.0051702
-0.7 1 0.00035958
-0.6 1 -0.0047643
-0.5 1 -0.012364
-0.4 1 -0.019734
-0.3 1 -0.026088
-0.2 1 -0.030208
-0.1 1 -0.035411
0 1 -0.037302
0.1 1 -0.03743
0.2 1 -0.035942
0.3 1 -0.030124
0.4 1 -0.025575
0.5 1 -0.010938
0.6 1 -0.0065263
0.7 1 -0.0029466
0.8 1 0.00043002
0.9 1 0.0032854
1 1 0.0067927
1.1 1 0.0080402
1.2 1 0.006618
1.3 1 0.0014415
1.4 1 -0.0043313
1.5 1 -0.010435
1.6 1 -0.017369
1.7 1 -0.027966
1.8 1 -0.040452
1.9 1 -0.045018
2 1 -0.051153
-2 1.1 -0.038908
-1.9 1.1 -0.038069
-1.8 1.1 -0.034234
-1.7 1.1 -0.027149
-1.6 1.1 -0.019111
-1.5 1.1 -0.014683
-1.4 1.1 -0.0090643
-1.3 1.1 0.0003943
-1.2 1.1 0.0059877
-1.1 1.1 0.0063863
-1 1.1 0.009892
-0.9 1.1 0.0089534
-0.8 1.1 0.0028308
-0.7 1.1 -0.0009089
-0.6 1.1 -0.0071525
-0.5 1.1 -0.011137
-0.4 1.1 -0.017164
-0.3 1.1 -0.025053
-0.2 1.1 -0.030335
-0.1 1.1 -0.03598
0 1.1 -0.03892
0.1 1.1 -0.039528
0.2 1.1 -0.037833
0.3 1.1 -0.031894
0.4 1.1 -0.026024
0.5 1.1 -0.01401
0.6 1.1 -0.011205
0.7 1.1 -0.0055252
0.8 1.1 -0.0024072
0.9 1.1 -0.001373
1 1.1 0.0038237
1.1 1.1 0.0049719
1.2 1.1 0.0035398
1.3 1.1 0.00016998
1.4 1.1 -0.0045116
1.5 1.1 -0.009726
1.6 1.1 -0.018365
1.7 1.1 -0.027261
1.8 1.1 -0.0371
1.9 1.1 -0.040503
2 1.1 -0.047073
-2 1.2 -0.034881
-1.9 1.2 -0.032462
-1.8 1.2 -0.030871
-1.7 1.2 -0.02328
-1.6 1.2 -0.016777
-1.5 1.2 -0.011452
-1.4 1.2 -0.0057596
-1.3 1.2 0.0047474
-1.2 1.2 0.0090407
-1.1 1.2 0.0078974
-1 1.2 0.007343
-0.9 1.2 0.0099632
-0.8 1.2 0.0023405
-0.7 1.2 -0.00029154
-0.6 1.2 -0.0069473
-0.5 1.2 -0.010258
-0.4 1.2 -0.016185
-0.3 1.2 -0.023623
-0.2 1.2 -0.029544
-0.1 1.2 -0.035712
0 1.2 -0.038366
0.1 1.2 -0.039387
0.2 1.2 -0.038253
0.3 1.2 -0.031901
0.4 1.2 -0.025967
0.5 1.2 -0.01507
0.6 1.2 -0.011855
0.7 1.2 -0.0066506
0.8 1.2 -0.0045792
0.9 1.2 -0.004008
1 1.2 0.0016793
1.1 1.2 0.0028838
1.2 1.2 0.0021247
1.3 1.2 -0.00075337
1.4 1.2 -0.0045824
1.5 1.2 -0.0095002
1.6 1.2 -0.01762
1.7 1.2 -0.025233
1.8 1.2 -0.033475
1.9 1.2 -0.036938
2 1.2 -0.043012
-2 1.3 -0.028915
-1.9 1.3 -0.026846
-1.8 1.3 -0.024697
-1.7 1.3 -0.016695
-1.6 1.3 -0.012986
-1.5 1.3 -0.0070211
-1.4 1.3 -0.0016898
-1.3 1.3 0.0095869
-1.2 1.3 0.013818
-1.1 1.3 0.014134
-1 1.3 0.01278
-0.9 1.3 0.012594
-0.8 1.3 0.0046475
-0.7 1.3 0.0023686
-0.6 1.3 -0.0046328
-0.5 1.3 -0.0077918
-0.4 1.3 -0.014056
-0.3 1.3 -0.020037
-0.2 1.3 -0.028364
-0.1 1.3 -0.034565
0 1.3 -0.037892
0.1 1.3 -0.038828
0.2 1.3 -0.037632
0.3 1.3 -0.032081
0.4 1.3 -0.026804
0.5 1.3 -0.015852
0.6 1.3 -0.012944
0.7 1.3 -0.0079192
0.8 1.3 -0.0073737
0.9 1.3 -0.0064772
1 1.3 -0.0020236
1.1 1.3 0.0016345
1.2 1.3 0.0011725
1.3 1.3 -0.00016082
1.4 1.3 -0.0034418
1.5 1.3 -0.0050827
1.6 1.3 -0.014285
1.7 1.3 -0.02373
1.8 1.3 -0.027778
1.9 1.3 -0.030853
2 1.3 -0.034315
-2 1.4 -0.024582
-1.9 1.4 -0.022282
-1.8 1.4 -0.019128
-1.7 1.4 -0.010199
-1.6 1.4 -0.0042206
-1.5 1.4 -0.0021265
-1.4 1.4 0.0025086
-1.3 1.4 0.014192
-1.2 1.4 0.01787
-1.1 1.4 0.017637
-1 1.4 0.016884
-0.9 1.4 0.015403
-0.8 1.4 0.0095201
-0.7 1.4 0.0063175
-0.6 1.4 -0.00078055
-0.5 1.4 -0.0053851
-0.4 1.4 -0.010837
-0.3 1.4 -0.017453
-0.2 1.4 -0.024741
-0.1 1.4 -0.03121
0 1.4 -0.035108
0.1 1.4 -0.03674
0.2 1.4 -0.037326
0.3 1.4 -0.032352
0.4 1.4 -0.025964
0.5 1.4 -0.015883
0.6 1.4 -0.012308
0.7 1.4 -0.0088897
0.8 1.4 -0.0088182
0.9 1.4 -0.0074419
1 1.4 -0.0026709
1.1 1.4 0.0013273
1.2 1.4 0.0018206
1.3 1.4 0.0024728
1.4 1.4 -0.0001839
1.5 1.4 -0.0016294
1.6 1.4 -0.013441
1.7 1.4 -0.018538
1.8 1.4 -0.021338
1.9 1.4 -0.02404
2 1.4 -0.027888
-2 1.5 -0.01966
-1.9 1.5 -0.017795
-1.8 1.5 -0.015686
-1.7 1.5 -0.0060992
-1.6 1.5 0.00052325
-1.5 1.5 0.0047523
-1.4 1.5 0.010074
-1.3 1.5 0.017834
-1.2 1.5 0.021742
-1.1 1.5 0.020777
-1 1.5 0.019136
-0.9 1.5 0.011129
-0.8 1.5 0.011195
-0.7 1.5 0.0078088
-0.6 1.5 0.002264
-0.5 1.5 -0.0022663
-0.4 1.5 -0.0060532
-0.3 1.5 -0.012295
-0.2 1.5 -0.020254
-0.1 1.5 -0.027539
0 1.5 -0.031053
0.1 1.5 -0.032666
0.2 1.5 -0.034443
0.3 1.5 -0.028346
0.4 1.5 -0.021994
0.5 1.5 -0.011842
0.6 1.5 -0.0088676
0.7 1.5 -0.0084263
0.8 1.5 -0.0068507
0.9 1.5 -0.0057318
1 1.5 -0.0033144
1.1 1.5 0.0051984
1.2 1.5 0.0074717
1.3 1.5 0.0062375
1.4 1.5 0.0028962
1.5 1.5 0.00086918
1.6 1.5 -0.0073372
1.7 1.5 -0.01222
1.8 1.5 -0.016417
1.9 1.5 -0.018699
2 1.5 -0.023796
-2 1.6 -0.015082
-1.9 1.6 -0.013162
-1.8 1.6 -0.0098522
-1.7 1.6 0.00034668
-1.6 1.6 0.0051751
-1.5 1.6 0.007541
-1.4 1.6 0.013559
-1.3 1.6 0.021342
-1.2 1.6 0.027044
-1.1 1.6 0.026692
-1 1.6 0.02182
-0.9 1.6 0.013321
-0.8 1.6 0.013468
-0.7 1.6 0.0066903
-0.6 1.6 0.0046923
-0.5 1.6 0.00026039
-0.4 1.6 -0.0037491
-0.3 1.6 -0.0093158
-0.2 1.6 -0.01543
-0.1 1.6 -0.022806
0 1.6 -0.026969
0.1 1.6 -0.029279
0.2 1.6 -0.031473
0.3 1.6 -0.024658
0.4 1.6 -0.017905
0.5 1.6 -0.0088211
0.6 1.6 -0.006582
0.7 1.6 -0.0077931
0.8 1.6 -0.0028844
0.9 1.6 -0.0011396
1 1.6 0.0029458
1.1 1.6 0.010425
1.2 1.6 0.012851
1.3 1.6 0.012825
1.4 1.6 0.012612
1.5 1.6 0.0089619
1.6 1.6 -0.0013567
1.7 1.6 -0.005465
1.8 1.6 -0.0093946
1.9 1.6 -0.012613
2 1.6 -0.017282
-2 1.7 -0.011361
-1.9 1.7 -0.0070856
-1.8 1.7 -0.004647
-1.7 1.7 0.005066
-1.6 1.7 0.0096191
-1.5 1.7 0.011507
-1.4 1.7 0.016206
-1.3 1.7 0.023832
-1.2 1.7 0.031552
-1.1 1.7 0.031015
-1 1.7 0.026644
-0.9 1.7 0.018505
-0.8 1.7 0.013783
-0.7 1.7 0.0082293
-0.6 1.7 0.0061931
-0.5 1.7 0.0021124
-0.4 1.7 -0.00144
-0.3 1.7 -0.0063895
-0.2 1.7 -0.011076
-0.1 1.7 -0.018343
0 1.7 -0.024122
0.1 1.7 -0.025684
0.2 1.7 -0.026618
0.3 1.7 -0.019387
0.4 1.7 -0.014395
0.5 1.7 -0.0048199
0.6 1.7 -0.0037936
0.7 1.7 -0.0030958
0.8 1.7 0.002348
0.9 1.7 0.0050031
1 1.7 0.0084793
1.1 1.7 0.015788
1.2 1.7 0.020816
1.3 1.7 0.022182
1.4 1.7 0.020093
1.5 1.7 0.01418
1.6 1.7 0.0065255
1.7 1.7 0.004249
1.8 1.7 0.0001342
1.9 1.7 0.0012004
2 1.7 -0.0013565
-2 1.8 -0.005926
-1.9 1.8 -0.0028402
-1.8 1.8 0.00018693
-1.7 1.8 0.010245
-1.6 1.8 0.01534
-1.5 1.8 0.016655
-1.4 1.8 0.020396
-1.3 1.8 0.029002
-1.2 1.8 0.037821
-1.1 1.8 0.037679
-1 1.8 0.031831
-0.9 1.8 0.022317
-0.8 1.8 0.020228
-0.7 1.8 0.017078
-0.6 1.8 0.013435
-0.5 1.8 0.0091808
-0.4 1.8 0.0028068
-0.3 1.8 -0.0014959
-0.2 1.8 -0.0058396
-0.1 1.8 -0.013338
0 1.8 -0.019333
0.1 1.8 -0.020809
0.2 1.8 -0.019914
0.3 1.8 -0.011481
0.4 1.8 -0.0062351
0.5 1.8 0.0032393
0.6 1.8 0.0064509
0.7 1.8 0.008439
0.8 1.8 0.01068
0.9 1.8 0.011896
1 1.8 0.014985
1.1 1.8 0.023803
1.2 1.8 0.030889
1.3 1.8 0.032917
1.4 1.8 0.033623
1.5 1.8 0.027116
1.6 1.8 0.022669
1.7 1.8 0.019222
1.8 1.8 0.014883
1.9 1.8 0.011647
2 1.8 0.008146
-2 1.9 -0.0018551
-1.9 1.9 0.0012017
-1.8 1.9 0.0043836
-1.7 1.9 0.015363
-1.6 1.9 0.018513
-1.5 1.9 0.021699
-1.4 1.9 0.024958
-1.3 1.9 0.02976
-1.2 1.9 0.040088
-1.1 1.9 0.041406
-1 1.9 0.038687
-0.9 1.9 0.033655
-0.8 1.9 0.029456
-0.7 1.9 0.024087
-0.6 1.9 0.019366
-0.5 1.9 0.013986
-0.4 1.9 0.010603
-0.3 1.9 0.0064381
-0.2 1.9 0.00045981
-0.1 1.9 -0.0055738
0 1.9 -0.010777
0.1 1.9 -0.012724
0.2 1.9 -0.012925
0.3 1.9 -0.0033952
0.4 1.9 0.00024894
0.5 1.9 0.010586
0.6 1.9 0.012205
0.7 1.9 0.015721
0.8 1.9 0.018906
0.9 1.9 0.027293
1 1.9 0.030825
1.1 1.9 0.037896
1.2 1.9 0.042444
1.3 1.9 0.046293
1.4 1.9 0.039952
1.5 1.9 0.03627
1.6 1.9 0.027819
1.7 1.9 0.024917
1.8 1.9 0.020816
1.9 1.9 0.01824
2 1.9 0.014702
-2 2 0.0014985
-1.9 2 0.0045995
-1.8 2 0.0082732
-1.7 2 0.019129
-1.6 2 0.021485
-1.5 2 0.024603
-1.4 2 0.028391
-1.3 2 0.032632
-1.2 2 0.042739
-1.1 2 0.045067
-1 2 0.040052
-0.9 2 0.039082
-0.8 2 0.036384
-0.7 2 0.029926
-0.6 2 0.029705
-0.5 2 0.024889
-0.4 2 0.020346
-0.3 2 0.014922
-0.2 2 0.010684
-0.1 2 0.004619
0 2 1.7501e-05
0.1 2 -0.00457
0.2 2 -0.0052481
0.3 2 0.0082119
0.4 2 0.013638
0.5 2 0.022162
0.6 2 0.02575
0.7 2 0.029399
0.8 2 0.031144
0.9 2 0.038053
1 2 0.042046
1.1 2 0.045751
1.2 2 0.050438
1.3 2 0.053207
1.4 2 0.046788
1.5 2 0.042855
1.6 2 0.033548
1.7 2 0.030569
1.8 2 0.026466
1.9 2 0.024074
2 2 0.020363
