-2 -2 -0.0099335
-1.9 -2 -0.0052939
-1.8 -2 -0.0014786
-1.7 -2 0.0066981
-1.6 -2 0.011761
-1.5 -2 0.016919
-1.4 -2 0.023394
-1.3 -2 0.032995
-1.2 -2 0.037888
-1.1 -2 0.04196
-1 -2 0.046628
-0.9 -2 0.048372
-0.8 -2 0.050564
-0.7 -2 0.051663
-0.6 -2 0.052568
-0.5 -2 0.051878
-0.4 -2 0.049374
-0.3 -2 0.042513
-0.2 -2 0.02914
-0.1 -2 0.021328
0 -2 0.0088863
0.1 -2 -0.00053471
0.2 -2 -0.013449
0.3 -2 -0.022548
0.4 -2 -0.029948
0.5 -2 -0.033451
0.6 -2 -0.036809
0.7 -2 -0.043923
0.8 -2 -0.046613
0.9 -2 -0.044944
1 -2 -0.042666
1.1 -2 -0.040506
1.2 -2 -0.036343
1.3 -2 -0.030718
1.4 -2 -0.025884
1.5 -2 -0.020961
1.6 -2 -0.017138
1.7 -2 -0.01368
1.8 -2 -0.010598
1.9 -2 -0.0080623
2 -2 -0.0030373
-2 -1.9 -0.013588
-1.9 -1.9 -0.0088586
-1.8 -1.9 -0.0031478
-1.7 -1.9 0.0040724
-1.6 -1.9 0.010201
-1.5 -1.9 0.015394
-1.4 -1.9 0.022289
-1.3 -1.9 0.033033
-1.2 -1.9 0.036463
-1.1 -1.9 0.041353
-1 -1.9 0.044997
-0.9 -1.9 0.048224
-0.8 -1.9 0.049873
-0.7 -1.9 0.051169
-0.6 -1.9 0.047486
-0.5 -1.9 0.046819
-0.4 -1.9 0.04556
-0.3 -1.9 0.042524
-0.2 -1.9 0.030512
-0.1 -1.9 0.022036
0 -1.9 0.012948
0.1 -1.9 -0.00041623
0.2 -1.9 -0.013728
0.3 -1.9 -0.021066
0.4 -1.9 -0.027344
0.5 -1.9 -0.032644
0.6 -1.9 -0.037637
0.7 -1.9 -0.044121
0.8 -1.9 -0.045306
0.9 -1.9 -0.044661
1 -1.9 -0.043346
1.1 -1.9 -0.041757
1.2 -1.9 -0.03848
1.3 -1.9 -0.031242
1.4 -1.9 -0.026154
1.5 -1.9 -0.021868
1.6 -1.9 -0.0177
1.7 -1.9 -0.013236
1.8 -1.9 -0.0076862
1.9 -1.9 -0.0048113
2 -1.9 -0.002071
-2 -1.8 -0.017727
-1.9 -1.8 -0.013184
-1.8 -1.8 -0.006743
-1.7 -1.8 -0.00057468
-1.6 -1.8 0.0080973
-1.5 -1.8 0.013363
-1.4 -1.8 0.023692
-1.3 -1.8 0.030375
-1.2 -1.8 0.034199
-1.1 -1.8 0.036103
-1 -1.8 0.039521
-0.9 -1.8 0.042224
-0.8 -1.8 0.044711
-0.7 -1.8 0.045652
-0.6 -1.8 0.045856
-0.5 -1.8 0.045638
-0.4 -1.8 0.043961
-0.3 -1.8 0.040028
-0.2 -1.8 0.031496
-0.1 -1.8 0.017604
0 -1.8 0.009558
0.1 -1.8 -0.00069855
0.2 -1.8 -0.013807
0.3 -1.8 -0.023988
0.4 -1.8 -0.030358
0.5 -1.8 -0.033273
0.6 -1.8 -0.040502
0.7 -1.8 -0.044936
0.8 -1.8 -0.046409
0.9 -1.8 -0.045297
1 -1.8 -0.045542
1.1 -1.8 -0.043307
1.2 -1.8 -0.038003
1.3 -1.8 -0.029749
1.4 -1.8 -0.023656
1.5 -1.8 -0.018709
1.6 -1.8 -0.01156
1.7 -1.8 -0.0079619
1.8 -1.8 -0.0049581
1.9 -1.8 -0.00095434
2 -1.8 0.0017941
-2 -1.7 -0.020742
-1.9 -1.7 -0.016902
-1.8 -1.7 -0.010011
-1.7 -1.7 -0.0029827
-1.6 -1.7 0.0041695
-1.5 -1.7 0.0099689
-1.4 -1.7 0.02025
-1.3 -1.7 0.022418
-1.2 -1.7 0.026495
-1.1 -1.7 0.029457
-1 -1.7 0.03261
-0.9 -1.7 0.035848
-0.8 -1.7 0.039239
-0.7 -1.7 0.041359
-0.6 -1.7 0.041388
-0.5 -1.7 0.040707
-0.4 -1.7 0.038542
-0.3 -1.7 0.034853
-0.2 -1.7 0.029058
-0.1 -1.7 0.017168
0 -1.7 0.0070239
0.1 -1.7 -0.0027497
0.2 -1.7 -0.012902
0.3 -1.7 -0.021964
0.4 -1.7 -0.02825
0.5 -1.7 -0.035013
0.6 -1.7 -0.040175
0.7 -1.7 -0.041262
0.8 -1.7 -0.041789
0.9 -1.7 -0.041337
1 -1.7 -0.041125
1.1 -1.7 -0.038919
1.2 -1.7 -0.034758
1.3 -1.7 -0.028257
1.4 -1.7 -0.020144
1.5 -1.7 -0.012831
1.6 -1.7 -0.008393
1.7 -1.7 -0.0037991
1.8 -1.7 0.0019999
1.9 -1.7 0.0037843
2 -1.7 0.0060235
-2 -1.6 -0.027937
-1.9 -1.6 -0.025022
-1.8 -1.6 -0.018423
-1.7 -1.6 -0.013979
-1.6 -1.6 -0.0078581
-1.5 -1.6 0.0037755
-1.4 -1.6 0.01354
-1.3 -1.6 0.01882
-1.2 -1.6 0.023346
-1.1 -1.6 0.025127
-1 -1.6 0.028251
-0.9 -1.6 0.032868
-0.8 -1.6 0.035857
-0.7 -1.6 0.037846
-0.6 -1.6 0.037439
-0.5 -1.6 0.03772
-0.4 -1.6 0.036305
-0.3 -1.6 0.033101
-0.2 -1.6 0.028032
-0.1 -1.6 0.017879
0 -1.6 0.0048904
0.1 -1.6 -0.0035597
0.2 -1.6 -0.012063
0.3 -1.6 -0.023406
0.4 -1.6 -0.028788
0.5 -1.6 -0.034159
0.6 -1.6 -0.036922
0.7 -1.6 -0.037086
0.8 -1.6 -0.037837
0.9 -1.6 -0.035774
1 -1.6 -0.036093
1.1 -1.6 -0.033591
1.2 -1.6 -0.027981
1.3 -1.6 -0.020315
1.4 -1.6 -0.013863
1.5 -1.6 -0.0082999
1.6 -1.6 -0.0043604
1.7 -1.6 0.00096208
1.8 -1.6 0.0055723
1.9 -1.6 0.0072018
2 -1.6 0.0091042
-2 -1.5 -0.034775
-1.9 -1.5 -0.032709
-1.8 -1.5 -0.025162
-1.7 -1.5 -0.019442
-1.6 -1.5 -0.01296
-1.5 -1.5 0.0045869
-1.4 -1.5 0.010137
-1.3 -1.5 0.016117
-1.2 -1.5 0.019955
-1.1 -1.5 0.022588
-1 -1.5 0.02491
-0.9 -1.5 0.028906
-0.8 -1.5 0.031717
-0.7 -1.5 0.032895
-0.6 -1.5 0.034401
-0.5 -1.5 0.03431
-0.4 -1.5 0.033442
-0.3 -1.5 0.030655
-0.2 -1.5 0.024531
-0.1 -1.5 0.01388
0 -1.5 0.003335
0.1 -1.5 -0.0060343
0.2 -1.5 -0.012152
0.3 -1.5 -0.023481
0.4 -1.5 -0.031018
0.5 -1.5 -0.030869
0.6 -1.5 -0.031171
0.7 -1.5 -0.03231
0.8 -1.5 -0.033303
0.9 -1.5 -0.030096
1 -1.5 -0.027832
1.1 -1.5 -0.02401
1.2 -1.5 -0.01981
1.3 -1.5 -0.015172
1.4 -1.5 -0.0093068
1.5 -1.5 -0.0039955
1.6 -1.5 -0.00016286
1.7 -1.5 0.0047704
1.8 -1.5 0.0092412
1.9 -1.5 0.011606
2 -1.5 0.01362
-2 -1.4 -0.037625
-1.9 -1.4 -0.036226
-1.8 -1.4 -0.029862
-1.7 -1.4 -0.024239
-1.6 -1.4 -0.016453
-1.5 -1.4 -0.0027847
-1.4 -1.4 0.0054697
-1.3 -1.4 0.0097682
-1.2 -1.4 0.014575
-1.1 -1.4 0.01875
-1 -1.4 0.020883
-0.9 -1.4 0.02452
-0.8 -1.4 0.028565
-0.7 -1.4 0.029443
-0.6 -1.4 0.030907
-0.5 -1.4 0.030561
-0.4 -1.4 0.030083
-0.3 -1.4 0.0268
-0.2 -1.4 0.019797
-0.1 -1.4 0.010183
0 -1.4 0.0029476
0.1 -1.4 -0.0070161
0.2 -1.4 -0.012974
0.3 -1.4 -0.022817
0.4 -1.4 -0.028259
0.5 -1.4 -0.028457
0.6 -1.4 -0.02817
0.7 -1.4 -0.027476
0.8 -1.4 -0.026854
0.9 -1.4 -0.025029
1 -1.4 -0.018884
1.1 -1.4 -0.015889
1.2 -1.4 -0.011404
1.3 -1.4 -0.0077074
1.4 -1.4 -0.0050384
1.5 -1.4 0.0026503
1.6 -1.4 0.0059228
1.7 -1.4 0.0088258
1.8 -1.4 0.013002
1.9 -1.4 0.016252
2 -1.4 0.017387
-2 -1.3 -0.043947
-1.9 -1.3 -0.041154
-1.8 -1.3 -0.032474
-1.7 -1.3 -0.029043
-1.6 -1.3 -0.016681
-1.5 -1.3 -0.010509
-1.4 -1.3 -0.0012764
-1.3 -1.3 0.0015372
-1.2 -1.3 0.0082052
-1.1 -1.3 0.012275
-1 -1.3 0.015279
-0.9 -1.3 0.020144
-0.8 -1.3 0.024157
-0.7 -1.3 0.025357
-0.6 -1.3 0.025881
-0.5 -1.3 0.025982
-0.4 -1.3 0.025484
-0.3 -1.3 0.022945
-0.2 -1.3 0.015455
-0.1 -1.3 0.008772
0 -1.3 0.0034058
0.1 -1.3 -0.0040093
0.2 -1.3 -0.013579
0.3 -1.3 -0.020747
0.4 -1.3 -0.025785
0.5 -1.3 -0.025337
0.6 -1.3 -0.025292
0.7 -1.3 -0.024399
0.8 -1.3 -0.020085
0.9 -1.3 -0.016248
1 -1.3 -0.013341
1.1 -1.3 -0.010964
1.2 -1.3 -0.0057982
1.3 -1.3 -0.00071185
1.4 -1.3 0.0044286
1.5 -1.3 0.011753
1.6 -1.3 0.013481
1.7 -1.3 0.017053
1.8 -1.3 0.019362
1.9 -1.3 0.021009
2 -1.3 0.021577
-2 -1.2 -0.046284
-1.9 -1.2 -0.043744
-1.8 -1.2 -0.038581
-1.7 -1.2 -0.035468
-1.6 -1.2 -0.021692
-1.5 -1.2 -0.016331
-1.4 -1.2 -0.0097165
-1.3 -1.2 -0.00284
-1.2 -1.2 0.0018676
-1.1 -1.2 0.0066959
-1 -1.2 0.010394
-0.9 -1.2 0.013838
-0.8 -1.2 0.017963
-0.7 -1.2 0.019451
-0.6 -1.2 0.020958
-0.5 -1.2 0.021587
-0.4 -1.2 0.021486
-0.3 -1.2 0.017861
-0.2 -1.2 0.011439
-0.1 -1.2 0.0074523
0 -1.2 0.0027616
0.1 -1.2 -0.003132
0.2 -1.2 -0.015767
0.3 -1.2 -0.018341
0.4 -1.2 -0.023973
0.5 -1.2 -0.022617
0.6 -1.2 -0.021578
0.7 -1.2 -0.019121
0.8 -1.2 -0.016542
0.9 -1.2 -0.011602
1 -1.2 -0.0073617
1.1 -1.2 -0.003757
1.2 -1.2 0.0003641
1.3 -1.2 0.0047954
1.4 -1.2 0.010803
1.5 -1.2 0.017482
1.6 -1.2 0.024419
1.7 -1.2 0.02713
1.8 -1.2 0.025679
1.9 -1.2 0.026902
2 -1.2 0.025586
-2 -1.1 -0.050976
-1.9 -1.1 -0.047861
-1.8 -1.1 -0.043112
-1.7 -1.1 -0.03733
-1.6 -1.1 -0.029381
-1.5 -1.1 -0.023596
-1.4 -1.1 -0.018319
-1.3 -1.1 -0.0069617
-1.2 -1.1 -0.0027163
-1.1 -1.1 0.0010962
-1 -1.1 0.0046921
-0.9 -1.1 0.0070008
-0.8 -1.1 0.011721
-0.7 -1.1 0.015427
-0.6 -1.1 0.017708
-0.5 -1.1 0.019044
-0.4 -1.1 0.018444
-0.3 -1.1 0.011533
-0.2 -1.1 0.0071404
-0.1 -1.1 0.0044307
0 -1.1 0.00049147
0.1 -1.1 -0.0050761
0.2 -1.1 -0.015641
0.3 -1.1 -0.01793
0.4 -1.1 -0.020786
0.5 -1.1 -0.01735
0.6 -1.1 -0.017083
0.7 -1.1 -0.016375
0.8 -1.1 -0.011638
0.9 -1.1 -0.0076418
1 -1.1 -0.0035282
1.1 -1.1 0.0012249
1.2 -1.1 0.0078636
1.3 -1.1 0.014369
1.4 -1.1 0.016718
1.5 -1.1 0.020737
1.6 -1.1 0.027481
1.7 -1.1 0.030716
1.8 -1.1 0.032452
1.9 -1.1 0.034
2 -1.1 0.034195
-2 -1 -0.054569
-1.9 -1 -0.050017
-1.8 -1 -0.047171
-1.7 -1 -0.037411
-1.6 -1 -0.031154
-1.5 -1 -0.027354
-1.4 -1 -0.022845
-1.3 -1 -0.015852
-1.2 -1 -0.01052
-1.1 -1 -0.0042858
-1 -1 0.001593
-0.9 -1 0.0036917
-0.8 -1 0.0075602
-0.7 -1 0.011452
-0.6 -1 0.014425
-0.5 -1 0.014985
-0.4 -1 0.012853
-0.3 -1 0.0059123
-0.2 -1 0.0030588
-0.1 -1 0.0012872
0 -1 -0.00097948
0.1 -1 -0.0093279
0.2 -1 -0.012615
0.3 -1 -0.011014
0.4 -1 -0.014395
0.5 -1 -0.015922
0.6 -1 -0.015245
0.7 -1 -0.012723
0.8 -1 -0.006847
0.9 -1 -0.002023
1 -1 0.0019156
1.1 -1 0.0064223
1.2 -1 0.012612
1.3 -1 0.018132
1.4 -1 0.022729
1.5 -1 0.02599
1.6 -1 0.02993
1.7 -1 0.034379
1.8 -1 0.035781
1.9 -1 0.037564
2 -1 0.038451
-2 -0.9 -0.056269
-1.9 -0.9 -0.052701
-1.8 -0.9 -0.046395
-1.7 -0.9 -0.038329
-1.6 -0.9 -0.036507
-1.5 -0.9 -0.03141
-1.4 -0.9 -0.023906
-1.3 -0.9 -0.020506
-1.2 -0.9 -0.012693
-1.1 -0.9 -0.0086352
-1 -0.9 -0.0050343
-0.9 -0.9 -0.0014926
-0.8 -0.9 0.0023828
-0.7 -0.9 0.0075102
-0.6 -0.9 0.010462
-0.5 -0.9 0.010578
-0.4 -0.9 0.0063289
-0.3 -0.9 0.002293
-0.2 -0.9 -0.00038025
-0.1 -0.9 -0.00182
0 -0.9 -0.0054602
0.1 -0.9 -0.0084006
0.2 -0.9 -0.0059558
0.3 -0.9 -0.0093636
0.4 -0.9 -0.009834
0.5 -0.9 -0.012349
0.6 -0.9 -0.011594
0.7 -0.9 -0.0076821
0.8 -0.9 -0.0021598
0.9 -0.9 0.0023045
1 -0.9 0.0060753
1.1 -0.9 0.010484
1.2 -0.9 0.016803
1.3 -0.9 0.020307
1.4 -0.9 0.024875
1.5 -0.9 0.028678
1.6 -0.9 0.033202
1.7 -0.9 0.037156
1.8 -0.9 0.038954
1.9 -0.9 0.040088
2 -0.9 0.041373
-2 -0.8 -0.055457
-1.9 -0.8 -0.052868
-1.8 -0.8 -0.043763
-1.7 -0.8 -0.038149
-1.6 -0.8 -0.037253
-1.5 -0.8 -0.032374
-1.4 -0.8 -0.028302
-1.3 -0.8 -0.024026
-1.2 -0.8 -0.014101
-1.1 -0.8 -0.011291
-1 -0.8 -0.0074062
-0.9 -0.8 -0.0041581
-0.8 -0.8 -0.0024205
-0.7 -0.8 0.0014105
-0.6 -0.8 0.0048057
-0.5 -0.8 0.004607
-0.4 -0.8 0.00079078
-0.3 -0.8 -0.0019652
-0.2 -0.8 -0.0024144
-0.1 -0.8 -0.0040226
0 -0.8 -0.0056586
0.1 -0.8 -0.0051869
0.2 -0.8 -0.0031335
0.3 -0.8 -0.0049177
0.4 -0.8 -0.0048551
0.5 -0.8 -0.0077921
0.6 -0.8 -0.0081978
0.7 -0.8 -0.0040079
0.8 -0.8 0.0015422
0.9 -0.8 0.0053061
1 -0.8 0.0092313
1.1 -0.8 0.014003
1.2 -0.8 0.018763
1.3 -0.8 0.021878
1.4 -0.8 0.026394
1.5 -0.8 0.030471
1.6 -0.8 0.034832
1.7 -0.8 0.040836
1.8 -0.8 0.04186
1.9 -0.8 0.040918
2 -0.8 0.04212
-2 -0.7 -0.051915
-1.9 -0.7 -0.048267
-1.8 -0.7 -0.038114
-1.7 -0.7 -0.03467
-1.6 -0.7 -0.034269
-1.5 -0.7 -0.0327
-1.4 -0.7 -0.030307
-1.3 -0.7 -0.02579
-1.2 -0.7 -0.020968
-1.1 -0.7 -0.015128
-1 -0.7 -0.0085388
-0.9 -0.7 -0.0060542
-0.8 -0.7 -0.0052815
-0.7 -0.7 -0.0011317
-0.6 -0.7 0.0017994
-0.5 -0.7 -0.0018449
-0.4 -0.7 -0.0046729
-0.3 -0.7 -0.0043715
-0.2 -0.7 -0.001295
-0.1 -0.7 -0.0035165
0 -0.7 -0.004908
0.1 -0.7 -0.0030185
0.2 -0.7 -0.0034028
0.3 -0.7 -0.0035262
0.4 -0.7 -0.0050182
0.5 -0.7 -0.0049447
0.6 -0.7 -0.0057255
0.7 -0.7 -0.0012649
0.8 -0.7 0.0033846
0.9 -0.7 0.0079452
1 -0.7 0.0124
1.1 -0.7 0.016796
1.2 -0.7 0.020465
1.3 -0.7 0.02382
1.4 -0.7 0.027919
1.5 -0.7 0.031583
1.6 -0.7 0.035153
1.7 -0.7 0.039821
1.8 -0.7 0.042163
1.9 -0.7 0.042815
2 -0.7 0.041436
-2 -0.6 -0.046845
-1.9 -0.6 -0.039744
-1.8 -0.6 -0.034503
-1.7 -0.6 -0.030569
-1.6 -0.6 -0.031752
-1.5 -0.6 -0.030108
-1.4 -0.6 -0.027363
-1.3 -0.6 -0.024344
-1.2 -0.6 -0.021735
-1.1 -0.6 -0.01731
-1 -0.6 -0.014221
-0.9 -0.6 -0.0098984
-0.8 -0.6 -0.0049348
-0.7 -0.6 -0.0017715
-0.6 -0.6 -0.00040017
-0.5 -0.6 -0.0022435
-0.4 -0.6 -0.0055325
-0.3 -0.6 -0.0049879
-0.2 -0.6 -0.0084711
-0.1 -0.6 -0.0099495
0 -0.6 -0.0084682
0.1 -0.6 -0.0039087
0.2 -0.6 -0.003137
0.3 -0.6 -0.0032098
0.4 -0.6 -0.0033228
0.5 -0.6 -0.0031651
0.6 -0.6 -0.0025775
0.7 -0.6 -0.00031973
0.8 -0.6 0.0050505
0.9 -0.6 0.0096802
1 -0.6 0.014278
1.1 -0.6 0.018635
1.2 -0.6 0.022261
1.3 -0.6 0.025604
1.4 -0.6 0.02857
1.5 -0.6 0.03195
1.6 -0.6 0.035549
1.7 -0.6 0.039167
1.8 -0.6 0.042239
1.9 -0.6 0.042478
2 -0.6 0.042709
-2 -0.5 -0.038172
-1.9 -0.5 -0.031326
-1.8 -0.5 -0.027357
-1.7 -0.5 -0.026174
-1.6 -0.5 -0.027033
-1.5 -0.5 -0.02617
-1.4 -0.5 -0.023789
-1.3 -0.5 -0.022013
-1.2 -0.5 -0.02012
-1.1 -0.5 -0.017724
-1 -0.5 -0.015212
-0.9 -0.5 -0.012522
-0.8 -0.5 -0.0094473
-0.7 -0.5 -0.0055184
-0.6 -0.5 -0.0016125
-0.5 -0.5 -0.0011215
-0.4 -0.5 -0.0048132
-0.3 -0.5 -0.0084272
-0.2 -0.5 -0.011883
-0.1 -0.5 -0.012616
0 -0.5 -0.010648
0.1 -0.5 -0.006705
0.2 -0.5 -0.0036417
0.3 -0.5 -0.002848
0.4 -0.5 0.0012065
0.5 -0.5 0.0010715
0.6 -0.5 0.0021376
0.7 -0.5 0.0021941
0.8 -0.5 0.0073891
0.9 -0.5 0.011199
1 -0.5 0.014905
1.1 -0.5 0.018093
1.2 -0.5 0.021794
1.3 -0.5 0.025983
1.4 -0.5 0.02922
1.5 -0.5 0.031898
1.6 -0.5 0.034364
1.7 -0.5 0.038032
1.8 -0.5 0.039778
1.9 -0.5 0.042116
2 -0.5 0.041118
-2 -0.4 -0.024534
-1.9 -0.4 -0.018014
-1.8 -0.4 -0.018644
-1.7 -0.4 -0.020857
-1.6 -0.4 -0.020358
-1.5 -0.4 -0.02078
-1.4 -0.4 -0.020319
-1.3 -0.4 -0.018737
-1.2 -0.4 -0.017596
-1.1 -0.4 -0.015894
-1 -0.4 -0.012121
-0.9 -0.4 -0.0099525
-0.8 -0.4 -0.0086147
-0.7 -0.4 -0.0067395
-0.6 -0.4 -0.0058311
-0.5 -0.4 -0.0085521
-0.4 -0.4 -0.007891
-0.3 -0.4 -0.012656
-0.2 -0.4 -0.013271
-0.1 -0.4 -0.013081
0 -0.4 -0.010322
0.1 -0.4 -0.0071047
0.2 -0.4 -0.0036806
0.3 -0.4 -0.0039173
0.4 -0.4 -0.00024347
0.5 -0.4 0.0020936
0.6 -0.4 0.0029333
0.7 -0.4 0.0072445
0.8 -0.4 0.0083288
0.9 -0.4 0.011222
1 -0.4 0.01404
1.1 -0.4 0.016976
1.2 -0.4 0.020412
1.3 -0.4 0.023901
1.4 -0.4 0.027155
1.5 -0.4 0.029855
1.6 -0.4 0.032449
1.7 -0.4 0.035885
1.8 -0.4 0.037576
1.9 -0.4 0.039044
2 -0.4 0.037712
-2 -0.3 -0.015733
-1.9 -0.3 -0.010559
-1.8 -0.3 -0.012096
-1.7 -0.3 -0.013479
-1.6 -0.3 -0.014362
-1.5 -0.3 -0.015971
-1.4 -0.3 -0.014971
-1.3 -0.3 -0.014203
-1.2 -0.3 -0.013748
-1.1 -0.3 -0.014596
-1 -0.3 -0.011495
-0.9 -0.3 -0.0082974
-0.8 -0.3 -0.0061307
-0.7 -0.3 -0.007792
-0.6 -0.3 -0.0068204
-0.5 -0.3 -0.0097232
-0.4 -0.3 -0.014381
-0.3 -0.3 -0.019256
-0.2 -0.3 -0.018418
-0.1 -0.3 -0.013712
0 -0.3 -0.01004
0.1 -0.3 -0.0070259
0.2 -0.3 -0.0038154
0.3 -0.3 -0.0028159
0.4 -0.3 -0.00013982
0.5 -0.3 0.0028059
0.6 -0.3 0.00091761
0.7 -0.3 0.0070276
0.8 -0.3 0.0067187
0.9 -0.3 0.01066
1 -0.3 0.011963
1.1 -0.3 0.014662
1.2 -0.3 0.017623
1.3 -0.3 0.021216
1.4 -0.3 0.024109
1.5 -0.3 0.026607
1.6 -0.3 0.029613
1.7 -0.3 0.031905
1.8 -0.3 0.031769
1.9 -0.3 0.032341
2 -0.3 0.033275
-2 -0.2 -0.0040709
-1.9 -0.2 -0.0023901
-1.8 -0.2 -0.0042761
-1.7 -0.2 -0.0049135
-1.6 -0.2 -0.0065483
-1.5 -0.2 -0.0097334
-1.4 -0.2 -0.011735
-1.3 -0.2 -0.011648
-1.2 -0.2 -0.011846
-1.1 -0.2 -0.012038
-1 -0.2 -0.0098
-0.9 -0.2 -0.0054556
-0.8 -0.2 -0.0076086
-0.7 -0.2 -0.008923
-0.6 -0.2 -0.007674
-0.5 -0.2 -0.012615
-0.4 -0.2 -0.016373
-0.3 -0.2 -0.018949
-0.2 -0.2 -0.018789
-0.1 -0.2 -0.017505
0 -0.2 -0.014599
0.1 -0.2 -0.0096294
0.2 -0.2 -0.0046932
0.3 -0.2 -0.0011884
0.4 -0.2 0.00067559
0.5 -0.2 0.0035712
0.6 -0.2 0.0025904
0.7 -0.2 0.0053336
0.8 -0.2 0.0049566
0.9 -0.2 0.005418
1 -0.2 0.007446
1.1 -0.2 0.010792
1.2 -0.2 0.01513
1.3 -0.2 0.017949
1.4 -0.2 0.020762
1.5 -0.2 0.022698
1.6 -0.2 0.024719
1.7 -0.2 0.02559
1.8 -0.2 0.026314
1.9 -0.2 0.028022
2 -0.2 0.030341
-2 -0.1 0.0091485
-1.9 -0.1 0.0090683
-1.8 -0.1 0.0034969
-1.7 -0.1 0.0023874
-1.6 -0.1 -2.5583e-05
-1.5 -0.1 -0.0029048
-1.4 -0.1 -0.0052618
-1.3 -0.1 -0.0073721
-1.2 -0.1 -0.0084201
-1.1 -0.1 -0.0068406
-1 -0.1 -0.0078954
-0.9 -0.1 -0.0068432
-0.8 -0.1 -0.009085
-0.7 -0.1 -0.010509
-0.6 -0.1 -0.0097853
-0.5 -0.1 -0.014697
-0.4 -0.1 -0.015695
-0.3 -0.1 -0.017803
-0.2 -0.1 -0.018158
-0.1 -0.1 -0.016934
0 -0.1 -0.014634
0.1 -0.1 -0.011399
0.2 -0.1 -0.0090038
0.3 -0.1 -0.002129
0.4 -0.1 0.00032274
0.5 -0.1 0.0037285
0.6 -0.1 0.0057543
0.7 -0.1 0.0051291
0.8 -0.1 0.0068244
0.9 -0.1 0.0050307
1 -0.1 0.0032933
1.1 -0.1 0.0061799
1.2 -0.1 0.0088494
1.3 -0.1 0.011347
1.4 -0.1 0.01337
1.5 -0.1 0.016478
1.6 -0.1 0.019903
1.7 -0.1 0.020906
1.8 -0.1 0.02278
1.9 -0.1 0.022703
2 -0.1 0.023763
-2 0 0.019374
-1.9 0 0.021294
-1.8 0 0.016985
-1.7 0 0.011157
-1.6 0 0.0071055
-1.5 0 0.0027238
-1.4 0 -0.00032137
-1.3 0 -0.00021488
-1.2 0 -0.002751
-1.1 0 -0.0057497
-1 0 -0.0064354
-0.9 0 -0.01022
-0.8 0 -0.0089262
-0.7 0 -0.010422
-0.6 0 -0.012232
-0.5 0 -0.015244
-0.4 0 -0.016297
-0.3 0 -0.01723
-0.2 0 -0.016924
-0.1 0 -0.015526
0 0 -0.013156
0.1 0 -0.010797
0.2 0 -0.0074867
0.3 0 -0.0041035
0.4 0 -0.0023222
0.5 0 0.0020653
0.6 0 0.0056069
0.7 0 0.0040312
0.8 0 0.0057465
0.9 0 0.0037029
1 0 0.0012837
1.1 0 0.002189
1.2 0 0.0017797
1.3 0 0.0039457
1.4 0 0.006328
1.5 0 0.0085473
1.6 0 0.010261
1.7 0 0.013799
1.8 0 0.015017
1.9 0 0.016307
2 0 0.017082
-2 0.1 0.031309
-1.9 0.1 0.029597
-1.8 0.1 0.02679
-1.7 0.1 0.020606
-1.6 0.1 0.018041
-1.5 0.1 0.014737
-1.4 0.1 0.008774
-1.3 0.1 0.0038389
-1.2 0.1 0.00082589
-1.1 0.1 -0.0010617
-1 0.1 -0.0044948
-0.9 0.1 -0.010585
-0.8 0.1 -0.0087496
-0.7 0.1 -0.0097699
-0.6 0.1 -0.015605
-0.5 0.1 -0.015824
-0.4 0.1 -0.016481
-0.3 0.1 -0.016115
-0.2 0.1 -0.015499
-0.1 0.1 -0.014195
0 0.1 -0.012225
0.1 0.1 -0.010699
0.2 0.1 -0.0063295
0.3 0.1 -0.0032707
0.4 0.1 0.00055831
0.5 0.1 5.9608e-05
0.6 0.1 0.0029996
0.7 0.1 0.0044766
0.8 0.1 0.0031539
0.9 0.1 -0.00068641
1 0.1 -0.0017787
1.1 0.1 -0.0038453
1.2 0.1 -0.0031349
1.3 0.1 -0.0021408
1.4 0.1 -5.3974e-05
1.5 0.1 0.0021136
1.6 0.1 0.0038272
1.7 0.1 0.0045068
1.8 0.1 0.0054394
1.9 0.1 0.0076702
2 0.1 0.011868
-2 0.2 0.038854
-1.9 0.2 0.038258
-1.8 0.2 0.034638
-1.7 0.2 0.029363
-1.6 0.2 0.027201
-1.5 0.2 0.023933
-1.4 0.2 0.019076
-1.3 0.2 0.012718
-1.2 0.2 0.0064548
-1.1 0.2 0.0027116
-1 0.2 -0.0027752
-0.9 0.2 -0.0083283
-0.8 0.2 -0.0123
-0.7 0.2 -0.013103
-0.6 0.2 -0.017603
-0.5 0.2 -0.016035
-0.4 0.2 -0.016648
-0.3 0.2 -0.015772
-0.2 0.2 -0.015327
-0.1 0.2 -0.013184
0 0.2 -0.010988
0.1 0.2 -0.0077353
0.2 0.2 -0.0047705
0.3 0.2 -0.0013176
0.4 0.2 0.0019209
0.5 0.2 0.0010075
0.6 0.2 0.003082
0.7 0.2 0.00018671
0.8 0.2 -0.0049212
0.9 0.2 -0.0044005
1 0.2 -0.0071931
1.1 0.2 -0.0067473
1.2 0.2 -0.0082636
1.3 0.2 -0.0053364
1.4 0.2 -0.0039553
1.5 0.2 -0.0029323
1.6 0.2 -0.0023872
1.7 0.2 -0.0019191
1.8 0.2 -0.0011991
1.9 0.2 0.00049397
2 0.2 0.002148
-2 0.3 0.045718
-1.9 0.3 0.044853
-1.8 0.3 0.044276
-1.7 0.3 0.038956
-1.6 0.3 0.034283
-1.5 0.3 0.02928
-1.4 0.3 0.024574
-1.3 0.3 0.019339
-1.2 0.3 0.016402
-1.1 0.3 0.011577
-1 0.3 0.0015957
-0.9 0.3 -0.0057943
-0.8 0.3 -0.011694
-0.7 0.3 -0.013264
-0.6 0.3 -0.017773
-0.5 0.3 -0.017014
-0.4 0.3 -0.018263
-0.3 0.3 -0.015996
-0.2 0.3 -0.014796
-0.1 0.3 -0.011965
0 0.3 -0.010081
0.1 0.3 -0.005817
0.2 0.3 -0.0040153
0.3 0.3 -0.0034782
0.4 0.3 -0.0010957
0.5 0.3 -0.0019028
0.6 0.3 -0.00047815
0.7 0.3 -0.00080684
0.8 0.3 -0.0049018
0.9 0.3 -0.0069674
1 0.3 -0.010202
1.1 0.3 -0.0074847
1.2 0.3 -0.0091211
1.3 0.3 -0.0084011
1.4 0.3 -0.0080402
1.5 0.3 -0.0088519
1.6 0.3 -0.0083102
1.7 0.3 -0.008013
1.8 0.3 -0.0086093
1.9 0.3 -0.0068841
2 0.3 -0.0061047
-2 0.4 0.054437
-1.9 0.4 0.052261
-1.8 0.4 0.048648
-1.7 0.4 0.045336
-1.6 0.4 0.040345
-1.5 0.4 0.035092
-1.4 0.4 0.030506
-1.3 0.4 0.025493
-1.2 0.4 0.019502
-1.1 0.4 0.011959
-1 0.4 0.0078272
-0.9 0.4 0.0021877
-0.8 0.4 -0.0090072
-0.7 0.4 -0.013219
-0.6 0.4 -0.016587
-0.5 0.4 -0.017462
-0.4 0.4 -0.018023
-0.3 0.4 -0.015942
-0.2 0.4 -0.014717
-0.1 0.4 -0.012257
0 0.4 -0.009481
0.1 0.4 -0.0067229
0.2 0.4 -0.0051073
0.3 0.4 -0.0065525
0.4 0.4 -0.0027738
0.5 0.4 -0.0014961
0.6 0.4 0.000215
0.7 0.4 0.00035091
0.8 0.4 -0.003115
0.9 0.4 -0.0062243
1 0.4 -0.008046
1.1 0.4 -0.011429
1.2 0.4 -0.011916
1.3 0.4 -0.010907
1.4 0.4 -0.011144
1.5 0.4 -0.01233
1.6 0.4 -0.014053
1.7 0.4 -0.016361
1.8 0.4 -0.017653
1.9 0.4 -0.015533
2 0.4 -0.018836
-2 0.5 0.059129
-1.9 0.5 0.055142
-1.8 0.5 0.052343
-1.7 0.5 0.05007
-1.6 0.5 0.04447
-1.5 0.5 0.041184
-1.4 0.5 0.034539
-1.3 0.5 0.029663
-1.2 0.5 0.021592
-1.1 0.5 0.013433
-1 0.5 0.0070108
-0.9 0.5 -0.00079141
-0.8 0.5 -0.0055747
-0.7 0.5 -0.010552
-0.6 0.5 -0.013307
-0.5 0.5 -0.016311
-0.4 0.5 -0.017299
-0.3 0.5 -0.017325
-0.2 0.5 -0.013631
-0.1 0.5 -0.0098621
0 0.5 -0.0074227
0.1 0.5 -0.0075746
0.2 0.5 -0.0071753
0.3 0.5 -0.006159
0.4 0.5 -0.001942
0.5 0.5 0.0014208
0.6 0.5 0.0011691
0.7 0.5 0.00066597
0.8 0.5 -0.0022414
0.9 0.5 -0.0054134
1 0.5 -0.007005
1.1 0.5 -0.010472
1.2 0.5 -0.012816
1.3 0.5 -0.015802
1.4 0.5 -0.018649
1.5 0.5 -0.017594
1.6 0.5 -0.018923
1.7 0.5 -0.022617
1.8 0.5 -0.025035
1.9 0.5 -0.024665
2 0.5 -0.028749
-2 0.6 0.061968
-1.9 0.6 0.06055
-1.8 0.6 0.057327
-1.7 0.6 0.053839
-1.6 0.6 0.047977
-1.5 0.6 0.043769
-1.4 0.6 0.038138
-1.3 0.6 0.031311
-1.2 0.6 0.020604
-1.1 0.6 0.012243
-1 0.6 0.0046565
-0.9 0.6 -0.0031979
-0.8 0.6 -0.0073718
-0.7 0.6 -0.012719
-0.6 0.6 -0.012628
-0.5 0.6 -0.011821
-0.4 0.6 -0.012057
-0.3 0.6 -0.013267
-0.2 0.6 -0.011672
-0.1 0.6 -0.0092082
0 0.6 -0.0063562
0.1 0.6 -0.0060264
0.2 0.6 -0.0051397
0.3 0.6 -0.0038352
0.4 0.6 -0.00091088
0.5 0.6 0.00292
0.6 0.6 0.0019008
0.7 0.6 0.00099219
0.8 0.6 -0.0016167
0.9 0.6 -0.0037191
1 0.6 -0.0075303
1.1 0.6 -0.01022
1.2 0.6 -0.015262
1.3 0.6 -0.018039
1.4 0.6 -0.0229
1.5 0.6 -0.02586
1.6 0.6 -0.028488
1.7 0.6 -0.028985
1.8 0.6 -0.030733
1.9 0.6 -0.030004
2 0.6 -0.03486
-2 0.7 0.062802
-1.9 0.7 0.06276
-1.8 0.7 0.060185
-1.7 0.7 0.05546
-1.6 0.7 0.051082
-1.5 0.7 0.042977
-1.4 0.7 0.036894
-1.3 0.7 0.027191
-1.2 0.7 0.018197
-1.1 0.7 0.0091174
-1 0.7 0.00016525
-0.9 0.7 -0.0052547
-0.8 0.7 -0.0079509
-0.7 0.7 -0.014434
-0.6 0.7 -0.017683
-0.5 0.7 -0.014451
-0.4 0.7 -0.01159
-0.3 0.7 -0.0095381
-0.2 0.7 -0.0061508
-0.1 0.7 -0.0038577
0 0.7 -0.0049717
0.1 0.7 -0.0041058
0.2 0.7 -0.0038103
0.3 0.7 -0.0010933
0.4 0.7 0.0015003
0.5 0.7 0.0050694
0.6 0.7 0.0052753
0.7 0.7 0.0032904
0.8 0.7 0.0013487
0.9 0.7 -0.0024451
1 0.7 -0.0059457
1.1 0.7 -0.0088674
1.2 0.7 -0.01589
1.3 0.7 -0.019376
1.4 0.7 -0.022468
1.5 0.7 -0.028173
1.6 0.7 -0.031715
1.7 0.7 -0.035909
1.8 0.7 -0.038198
1.9 0.7 -0.039067
2 0.7 -0.039146
-2 0.8 0.062607
-1.9 0.8 0.060964
-1.8 0.8 0.059409
-1.7 0.8 0.053826
-1.6 0.8 0.048047
-1.5 0.8 0.041302
-1.4 0.8 0.035187
-1.3 0.8 0.025695
-1.2 0.8 0.016002
-1.1 0.8 0.0049782
-1 0.8 -0.0021094
-0.9 0.8 -0.0078105
-0.8 0.8 -0.011544
-0.7 0.8 -0.017039
-0.6 0.8 -0.020201
-0.5 0.8 -0.018382
-0.4 0.8 -0.014026
-0.3 0.8 -0.0084513
-0.2 0.8 -0.0010291
-0.1 0.8 0.0044531
0 0.8 0.0034447
0.1 0.8 0.00095481
0.2 0.8 0.00078954
0.3 0.8 0.0031062
0.4 0.8 0.0050516
0.5 0.8 0.0078934
0.6 0.8 0.0071492
0.7 0.8 0.005313
0.8 0.8 0.0045856
0.9 0.8 0.0007494
1 0.8 -0.0025052
1.1 0.8 -0.006779
1.2 0.8 -0.013508
1.3 0.8 -0.019387
1.4 0.8 -0.02325
1.5 0.8 -0.029595
1.6 0.8 -0.033005
1.7 0.8 -0.038112
1.8 0.8 -0.04113
1.9 0.8 -0.047839
2 0.8 -0.045291
-2 0.9 0.059077
-1.9 0.9 0.057418
-1.8 0.9 0.05579
-1.7 0.9 0.05135
-1.6 0.9 0.045737
-1.5 0.9 0.039655
-1.4 0.9 0.030966
-1.3 0.9 0.022163
-1.2 0.9 0.012901
-1.1 0.9 0.0037303
-1 0.9 -0.0039281
-0.9 0.9 -0.0092321
-0.8 0.9 -0.015618
-0.7 0.9 -0.020914
-0.6 0.9 -0.022032
-0.5 0.9 -0.021894
-0.4 0.9 -0.012915
-0.3 0.9 -0.0040105
-0.2 0.9 0.0017475
-0.1 0.9 0.006089
0 0.9 0.0087481
0.1 0.9 0.0094836
0.2 0.9 0.0099983
0.3 0.9 0.0087729
0.4 0.9 0.0089488
0.5 0.9 0.011165
0.6 0.9 0.010413
0.7 0.9 0.0087539
0.8 0.9 0.0068229
0.9 0.9 0.0029581
1 0.9 0.00062957
1.1 0.9 -0.0052006
1.2 0.9 -0.0095786
1.3 0.9 -0.018108
1.4 0.9 -0.023979
1.5 0.9 -0.028001
1.6 0.9 -0.034046
1.7 0.9 -0.039155
1.8 0.9 -0.048618
1.9 0.9 -0.049209
2 0.9 -0.047795
-2 1 0.052387
-1.9 1 0.052351
-1.8 1 0.052857
-1.7 1 0.049668
-1.6 1 0.042572
-1.5 1 0.036626
-1.4 1 0.026981
-1.3 1 0.017399
-1.2 1 0.0071014
-1.1 1 2.1042e-05
-1 1 -0.008769
-0.9 1 -0.013141
-0.8 1 -0.017479
-0.7 1 -0.021809
-0.6 1 -0.02198
-0.5 1 -0.020311
-0.4 1 -0.012066
-0.3 1 -0.0012275
-0.2 1 0.0041831
-0.1 1 0.0085776
0 1 0.010758
0.1 1 0.01175
0.2 1 0.01336
0.3 1 0.016197
0.4 1 0.016057
0.5 1 0.016169
0.6 1 0.016291
0.7 1 0.015417
0.8 1 0.012088
0.9 1 0.007026
1 1 0.0025492
1.1 1 -0.0022627
1.2 1 -0.0090902
1.3 1 -0.016946
1.4 1 -0.022851
1.5 1 -0.02783
1.6 1 -0.032575
1.7 1 -0.039973
1.8 1 -0.048174
1.9 1 -0.049772
2 1 -0.047959
-2 1.1 0.045229
-1.9 1.1 0.046694
-1.8 1.1 0.044326
-1.7 1.1 0.042579
-1.6 1.1 0.03888
-1.5 1.1 0.030564
-1.4 1.1 0.020791
-1.3 1.1 0.010092
-1.2 1.1 0.0016449
-1.1 1.1 -0.0031585
-1 1.1 -0.010467
-0.9 1.1 -0.014903
-0.8 1.1 -0.020792
-0.7 1.1 -0.022278
-0.6 1.1 -0.022139
-0.5 1.1 -0.018613
-0.4 1.1 -0.01148
-0.3 1.1 0.00022161
-0.2 1.1 0.0050388
-0.1 1.1 0.0086448
0 1.1 0.011906
0.1 1.1 0.013225
0.2 1.1 0.015012
0.3 1.1 0.018077
0.4 1.1 0.021173
0.5 1.1 0.023873
0.6 1.1 0.025057
0.7 1.1 0.021298
0.8 1.1 0.017709
0.9 1.1 0.013457
1 1.1 0.0075748
1.1 1.1 0.0022356
1.2 1.1 -0.0065152
1.3 1.1 -0.013965
1.4 1.1 -0.022478
1.5 1.1 -0.027891
1.6 1.1 -0.033306
1.7 1.1 -0.039755
1.8 1.1 -0.047826
1.9 1.1 -0.049236
2 1.1 -0.047672
-2 1.2 0.039545
-1.9 1.2 0.036778
-1.8 1.2 0.037146
-1.7 1.2 0.035205
-1.6 1.2 0.030474
-1.5 1.2 0.021201
-1.4 1.2 0.011747
-1.3 1.2 0.0021998
-1.2 1.2 -0.0036665
-1.1 1.2 -0.005917
-1 1.2 -0.010935
-0.9 1.2 -0.016493
-0.8 1.2 -0.022472
-0.7 1.2 -0.023079
-0.6 1.2 -0.022014
-0.5 1.2 -0.017549
-0.4 1.2 -0.01066
-0.3 1.2 -0.0019973
-0.2 1.2 0.0044005
-0.1 1.2 0.0081732
0 1.2 0.011729
0.1 1.2 0.015289
0.2 1.2 0.018359
0.3 1.2 0.021571
0.4 1.2 0.024633
0.5 1.2 0.027945
0.6 1.2 0.029558
0.7 1.2 0.027001
0.8 1.2 0.025326
0.9 1.2 0.019498
1 1.2 0.011906
1.1 1.2 0.0046895
1.2 1.2 -0.0023642
1.3 1.2 -0.0095601
1.4 1.2 -0.018748
1.5 1.2 -0.025279
1.6 1.2 -0.032768
1.7 1.2 -0.041329
1.8 1.2 -0.046728
1.9 1.2 -0.048047
2 1.2 -0.047368
-2 1.3 0.030748
-1.9 1.3 0.028362
-1.8 1.3 0.027618
-1.7 1.3 0.023922
-1.6 1.3 0.020649
-1.5 1.3 0.012323
-1.4 1.3 0.0036991
-1.3 1.3 -0.0032809
-1.2 1.3 -0.0083134
-1.1 1.3 -0.012191
-1 1.3 -0.015302
-0.9 1.3 -0.018873
-0.8 1.3 -0.023704
-0.7 1.3 -0.024346
-0.6 1.3 -0.023757
-0.5 1.3 -0.018202
-0.4 1.3 -0.012348
-0.3 1.3 -0.0073108
-0.2 1.3 0.0019502
-0.1 1.3 0.0068738
0 1.3 0.011094
0.1 1.3 0.01695
0.2 1.3 0.020918
0.3 1.3 0.025089
0.4 1.3 0.029856
0.5 1.3 0.033022
0.6 1.3 0.033627
0.7 1.3 0.031759
0.8 1.3 0.029938
0.9 1.3 0.024693
1 1.3 0.018934
1.1 1.3 0.010651
1.2 1.3 0.0035773
1.3 1.3 -0.0059875
1.4 1.3 -0.014122
1.5 1.3 -0.020773
1.6 1.3 -0.027913
1.7 1.3 -0.037906
1.8 1.3 -0.040348
1.9 1.3 -0.044431
2 1.3 -0.044346
-2 1.4 0.024174
-1.9 1.4 0.019841
-1.8 1.4 0.017615
-1.7 1.4 0.012859
-1.6 1.4 0.0070728
-1.5 1.4 0.0039068
-1.4 1.4 -0.0029952
-1.3 1.4 -0.010718
-1.2 1.4 -0.013184
-1.1 1.4 -0.015658
-1 1.4 -0.019038
-0.9 1.4 -0.023621
-0.8 1.4 -0.028192
-0.7 1.4 -0.028033
-0.6 1.4 -0.027687
-0.5 1.4 -0.019874
-0.4 1.4 -0.014603
-0.3 1.4 -0.0098318
-0.2 1.4 -0.0013926
-0.1 1.4 0.0054712
0 1.4 0.011086
0.1 1.4 0.017399
0.2 1.4 0.022212
0.3 1.4 0.027775
0.4 1.4 0.033381
0.5 1.4 0.037519
0.6 1.4 0.038971
0.7 1.4 0.036929
0.8 1.4 0.03349
0.9 1.4 0.028343
1 1.4 0.021718
1.1 1.4 0.015295
1.2 1.4 0.0099285
1.3 1.4 0.0022288
1.4 1.4 -0.0059919
1.5 1.4 -0.014046
1.6 1.4 -0.028214
1.7 1.4 -0.03297
1.8 1.4 -0.035435
1.9 1.4 -0.039274
2 1.4 -0.04121
-2 1.5 0.014813
-1.9 1.5 0.0133
-1.8 1.5 0.012179
-1.7 1.5 0.005788
-1.6 1.5 -0.0017373
-1.5 1.5 -0.0088822
-1.4 1.5 -0.014052
-1.3 1.5 -0.017431
-1.2 1.5 -0.019524
-1.1 1.5 -0.021157
-1 1.5 -0.024436
-0.9 1.5 -0.027262
-0.8 1.5 -0.030188
-0.7 1.5 -0.030811
-0.6 1.5 -0.02783
-0.5 1.5 -0.022583
-0.4 1.5 -0.0176
-0.3 1.5 -0.012204
-0.2 1.5 -0.004433
-0.1 1.5 0.0044723
0 1.5 0.010444
0.1 1.5 0.016313
0.2 1.5 0.022421
0.3 1.5 0.028371
0.4 1.5 0.034698
0.5 1.5 0.039235
0.6 1.5 0.041259
0.7 1.5 0.041167
0.8 1.5 0.037746
0.9 1.5 0.034318
1 1.5 0.028186
1.1 1.5 0.018929
1.2 1.5 0.014821
1.3 1.5 0.0095312
1.4 1.5 0.0027367
1.5 1.5 -0.0061889
1.6 1.5 -0.020543
1.7 1.5 -0.027141
1.8 1.5 -0.031179
1.9 1.5 -0.034123
2 1.5 -0.037447
-2 1.6 0.0085557
-1.9 1.6 0.0067764
-1.8 1.6 0.0038531
-1.7 1.6 -0.0039001
-1.6 1.6 -0.010804
-1.5 1.6 -0.014045
-1.4 1.6 -0.02009
-1.3 1.6 -0.025784
-1.2 1.6 -0.029408
-1.1 1.6 -0.031614
-1 1.6 -0.030102
-0.9 1.6 -0.031734
-0.8 1.6 -0.031786
-0.7 1.6 -0.032023
-0.6 1.6 -0.029417
-0.5 1.6 -0.024535
-0.4 1.6 -0.018737
-0.3 1.6 -0.013581
-0.2 1.6 -0.0078779
-0.1 1.6 0.001356
0 1.6 0.0095985
0.1 1.6 0.015956
0.2 1.6 0.022378
0.3 1.6 0.029564
0.4 1.6 0.036138
0.5 1.6 0.03952
0.6 1.6 0.041209
0.7 1.6 0.041787
0.8 1.6 0.040947
0.9 1.6 0.040213
1 1.6 0.035126
1.1 1.6 0.026206
1.2 1.6 0.020298
1.3 1.6 0.012443
1.4 1.6 0.0068667
1.5 1.6 0.0012621
1.6 1.6 -0.012541
1.7 1.6 -0.01885
1.8 1.6 -0.024744
1.9 1.6 -0.028592
2 1.6 -0.030849
-2 1.7 0.0033246
-1.9 1.7 0.00084205
-1.8 1.7 -0.0046923
-1.7 1.7 -0.012083
-1.6 1.7 -0.01821
-1.5 1.7 -0.022575
-1.4 1.7 -0.02693
-1.3 1.7 -0.032694
-1.2 1.7 -0.037952
-1.1 1.7 -0.03805
-1 1.7 -0.037673
-0.9 1.7 -0.040313
-0.8 1.7 -0.036511
-0.7 1.7 -0.033345
-0.6 1.7 -0.02888
-0.5 1.7 -0.025737
-0.4 1.7 -0.021525
-0.3 1.7 -0.014447
-0.2 1.7 -0.0086003
-0.1 1.7 0.00070001
0 1.7 0.009322
0.1 1.7 0.016003
0.2 1.7 0.021657
0.3 1.7 0.029129
0.4 1.7 0.035312
0.5 1.7 0.040352
0.6 1.7 0.042417
0.7 1.7 0.043668
0.8 1.7 0.042856
0.9 1.7 0.041174
1 1.7 0.038078
1.1 1.7 0.031688
1.2 1.7 0.025359
1.3 1.7 0.020972
1.4 1.7 0.015584
1.5 1.7 2.0541e-05
1.6 1.7 -0.008224
1.7 1.7 -0.012211
1.8 1.7 -0.016304
1.9 1.7 -0.017395
2 1.7 -0.022021
-2 1.8 0.00042337
-1.9 1.8 -0.0045457
-1.8 1.8 -0.012329
-1.7 1.8 -0.020488
-1.6 1.8 -0.026305
-1.5 1.8 -0.028747
-1.4 1.8 -0.032657
-1.3 1.8 -0.039434
-1.2 1.8 -0.044248
-1.1 1.8 -0.046094
-1 1.8 -0.044522
-0.9 1.8 -0.044442
-0.8 1.8 -0.042073
-0.7 1.8 -0.038045
-0.6 1.8 -0.032574
-0.5 1.8 -0.029728
-0.4 1.8 -0.021822
-0.3 1.8 -0.015329
-0.2 1.8 -0.0097474
-0.1 1.8 -0.0010511
0 1.8 0.0084256
0.1 1.8 0.015458
0.2 1.8 0.022533
0.3 1.8 0.031722
0.4 1.8 0.037531
0.5 1.8 0.040433
0.6 1.8 0.043202
0.7 1.8 0.044372
0.8 1.8 0.043053
0.9 1.8 0.04262
1 1.8 0.040637
1.1 1.8 0.033418
1.2 1.8 0.029269
1.3 1.8 0.026015
1.4 1.8 0.023208
1.5 1.8 0.010321
1.6 1.8 0.0015113
1.7 1.8 -0.0054075
1.8 1.8 -0.0092691
1.9 1.8 -0.012611
2 1.8 -0.014689
-2 1.9 -0.0047679
-1.9 1.9 -0.01214
-1.8 1.9 -0.02062
-1.7 1.9 -0.025182
-1.6 1.9 -0.030324
-1.5 1.9 -0.034115
-1.4 1.9 -0.037974
-1.3 1.9 -0.041461
-1.2 1.9 -0.046174
-1.1 1.9 -0.050639
-1 1.9 -0.054175
-0.9 1.9 -0.053922
-0.8 1.9 -0.047614
-0.7 1.9 -0.042193
-0.6 1.9 -0.036227
-0.5 1.9 -0.031193
-0.4 1.9 -0.028185
-0.3 1.9 -0.020817
-0.2 1.9 -0.011271
-0.1 1.9 -0.00048193
0 1.9 0.0090431
0.1 1.9 0.017028
0.2 1.9 0.023915
0.3 1.9 0.03364
0.4 1.9 0.038742
0.5 1.9 0.042083
0.6 1.9 0.043317
0.7 1.9 0.044598
0.8 1.9 0.043525
0.9 1.9 0.044721
1 1.9 0.043476
1.1 1.9 0.039821
1.2 1.9 0.034052
1.3 1.9 0.030489
1.4 1.9 0.02157
1.5 1.9 0.016683
1.6 1.9 0.0092768
1.7 1.9 0.0010682
1.8 1.9 -0.0046889
1.9 1.9 -0.009359
2 1.9 -0.011158
-2 2 -0.010112
-1.9 2 -0.018823
-1.8 2 -0.025078
-1.7 2 -0.029988
-1.6 2 -0.033436
-1.5 2 -0.036617
-1.4 2 -0.040981
-1.3 2 -0.043435
-1.2 2 -0.048629
-1.1 2 -0.052627
-1 2 -0.056655
-0.9 2 -0.055018
-0.8 2 -0.051922
-0.7 2 -0.047081
-0.6 2 -0.042809
-0.5 2 -0.037136
-0.4 2 -0.028137
-0.3 2 -0.021082
-0.2 2 -0.012989
-0.1 2 -0.0047601
0 2 0.0037055
0.1 2 0.015557
0.2 2 0.023617
0.3 2 0.036177
0.4 2 0.041704
0.5 2 0.045445
0.6 2 0.047137
0.7 2 0.04657
0.8 2 0.04622
0.9 2 0.044442
1 2 0.044837
1.1 2 0.041533
1.2 2 0.033934
1.3 2 0.029651
1.4 2 0.021009
1.5 2 0.01869
1.6 2 0.012567
1.7 2 0.005608
1.8 2 0.00033065
1.9 2 -0.0049083
2 2 -0.0076931
