-2 -2 0.0052868
-1.9 -2 0.0076041
-1.8 -2 0.010286
-1.7 -2 0.013212
-1.6 -2 0.017029
-1.5 -2 0.019597
-1.4 -2 0.022293
-1.3 -2 0.025731
-1.2 -2 0.028582
-1.1 -2 0.031292
-1 -2 0.03522
-0.9 -2 0.037996
-0.8 -2 0.040961
-0.7 -2 0.043185
-0.6 -2 0.045557
-0.5 -2 0.046635
-0.4 -2 0.047553
-0.3 -2 0.047591
-0.2 -2 0.048251
-0.1 -2 0.048968
0 -2 0.050134
0.1 -2 0.049282
0.2 -2 0.048858
0.3 -2 0.049008
0.4 -2 0.047867
0.5 -2 0.046892
0.6 -2 0.046278
0.7 -2 0.045373
0.8 -2 0.043597
0.9 -2 0.040976
1 -2 0.037627
1.1 -2 0.03576
1.2 -2 0.033111
1.3 -2 0.030023
1.4 -2 0.027324
1.5 -2 0.025699
1.6 -2 0.023102
1.7 -2 0.020787
1.8 -2 0.018621
1.9 -2 0.015527
2 -2 0.01286
-2 -1.9 0.0034321
-1.9 -1.9 0.0054768
-1.8 -1.9 0.0082281
-1.7 -1.9 0.01126
-1.6 -1.9 0.01482
-1.5 -1.9 0.01727
-1.4 -1.9 0.019709
-1.3 -1.9 0.02282
-1.2 -1.9 0.025924
-1.1 -1.9 0.028966
-1 -1.9 0.032804
-0.9 -1.9 0.035466
-0.8 -1.9 0.038342
-0.7 -1.9 0.040603
-0.6 -1.9 0.042601
-0.5 -1.9 0.043696
-0.4 -1.9 0.044947
-0.3 -1.9 0.046218
-0.2 -1.9 0.04635
-0.1 -1.9 0.047115
0 -1.9 0.047121
0.1 -1.9 0.046823
0.2 -1.9 0.046465
0.3 -1.9 0.046498
0.4 -1.9 0.045459
0.5 -1.9 0.044875
0.6 -1.9 0.044063
0.7 -1.9 0.042675
0.8 -1.9 0.040253
0.9 -1.9 0.037351
1 -1.9 0.033836
1.1 -1.9 0.031607
1.2 -1.9 0.028629
1.3 -1.9 0.025551
1.4 -1.9 0.023076
1.5 -1.9 0.021088
1.6 -1.9 0.018874
1.7 -1.9 0.016662
1.8 -1.9 0.014242
1.9 -1.9 0.011439
2 -1.9 0.0093209
-2 -1.8 0.00090552
-1.9 -1.8 0.0027776
-1.8 -1.8 0.0055919
-1.7 -1.8 0.0083392
-1.6 -1.8 0.012277
-1.5 -1.8 0.014776
-1.4 -1.8 0.017482
-1.3 -1.8 0.020035
-1.2 -1.8 0.02274
-1.1 -1.8 0.024801
-1 -1.8 0.028384
-0.9 -1.8 0.03175
-0.8 -1.8 0.034694
-0.7 -1.8 0.037371
-0.6 -1.8 0.039412
-0.5 -1.8 0.040652
-0.4 -1.8 0.041646
-0.3 -1.8 0.042997
-0.2 -1.8 0.043572
-0.1 -1.8 0.043615
0 -1.8 0.043605
0.1 -1.8 0.043634
0.2 -1.8 0.041831
0.3 -1.8 0.04224
0.4 -1.8 0.04137
0.5 -1.8 0.040224
0.6 -1.8 0.039378
0.7 -1.8 0.037975
0.8 -1.8 0.035741
0.9 -1.8 0.032602
1 -1.8 0.029594
1.1 -1.8 0.0281
1.2 -1.8 0.025555
1.3 -1.8 0.022529
1.4 -1.8 0.020383
1.5 -1.8 0.018669
1.6 -1.8 0.015956
1.7 -1.8 0.014146
1.8 -1.8 0.012268
1.9 -1.8 0.0086605
2 -1.8 0.0058156
-2 -1.7 -0.0012179
-1.9 -1.7 0.00053864
-1.8 -1.7 0.0032806
-1.7 -1.7 0.0063616
-1.6 -1.7 0.0099628
-1.5 -1.7 0.012208
-1.4 -1.7 0.014366
-1.3 -1.7 0.016211
-1.2 -1.7 0.018756
-1.1 -1.7 0.020949
-1 -1.7 0.024013
-0.9 -1.7 0.026924
-0.8 -1.7 0.029799
-0.7 -1.7 0.033012
-0.6 -1.7 0.035217
-0.5 -1.7 0.036562
-0.4 -1.7 0.03795
-0.3 -1.7 0.039145
-0.2 -1.7 0.040182
-0.1 -1.7 0.040383
0 -1.7 0.041262
0.1 -1.7 0.041213
0.2 -1.7 0.040183
0.3 -1.7 0.039098
0.4 -1.7 0.038018
0.5 -1.7 0.036894
0.6 -1.7 0.035633
0.7 -1.7 0.034108
0.8 -1.7 0.032136
0.9 -1.7 0.029828
1 -1.7 0.027182
1.1 -1.7 0.025652
1.2 -1.7 0.023275
1.3 -1.7 0.020547
1.4 -1.7 0.017932
1.5 -1.7 0.015269
1.6 -1.7 0.01274
1.7 -1.7 0.010701
1.8 -1.7 0.0081674
1.9 -1.7 0.0053402
2 -1.7 0.0026443
-2 -1.6 -0.0055019
-1.9 -1.6 -0.0038916
-1.8 -1.6 -0.0015128
-1.7 -1.6 0.0013537
-1.6 -1.6 0.0047204
-1.5 -1.6 0.0078754
-1.4 -1.6 0.01045
-1.3 -1.6 0.012815
-1.2 -1.6 0.015449
-1.1 -1.6 0.017545
-1 -1.6 0.020779
-0.9 -1.6 0.024035
-0.8 -1.6 0.026628
-0.7 -1.6 0.029982
-0.6 -1.6 0.031457
-0.5 -1.6 0.033144
-0.4 -1.6 0.034831
-0.3 -1.6 0.03619
-0.2 -1.6 0.037995
-0.1 -1.6 0.039153
0 -1.6 0.038833
0.1 -1.6 0.03839
0.2 -1.6 0.03763
0.3 -1.6 0.035613
0.4 -1.6 0.0344
0.5 -1.6 0.033402
0.6 -1.6 0.032489
0.7 -1.6 0.031057
0.8 -1.6 0.029193
0.9 -1.6 0.026593
1 -1.6 0.02443
1.1 -1.6 0.022585
1.2 -1.6 0.019245
1.3 -1.6 0.016073
1.4 -1.6 0.013707
1.5 -1.6 0.011813
1.6 -1.6 0.0096401
1.7 -1.6 0.0075393
1.8 -1.6 0.0050594
1.9 -1.6 0.0022738
2 -1.6 -0.00041679
-2 -1.5 -0.011352
-1.9 -1.5 -0.0085055
-1.8 -1.5 -0.0059198
-1.7 -1.5 -0.0025512
-1.6 -1.5 0.00058728
-1.5 -1.5 0.0045965
-1.4 -1.5 0.0069907
-1.3 -1.5 0.0093109
-1.2 -1.5 0.012143
-1.1 -1.5 0.01453
-1 -1.5 0.017277
-0.9 -1.5 0.020559
-0.8 -1.5 0.022927
-0.7 -1.5 0.026131
-0.6 -1.5 0.027914
-0.5 -1.5 0.029803
-0.4 -1.5 0.031311
-0.3 -1.5 0.032975
-0.2 -1.5 0.034735
-0.1 -1.5 0.03568
0 -1.5 0.034559
0.1 -1.5 0.033971
0.2 -1.5 0.034064
0.3 -1.5 0.03248
0.4 -1.5 0.031443
0.5 -1.5 0.029454
0.6 -1.5 0.028262
0.7 -1.5 0.027263
0.8 -1.5 0.024789
0.9 -1.5 0.021784
1 -1.5 0.019378
1.1 -1.5 0.017101
1.2 -1.5 0.014319
1.3 -1.5 0.011794
1.4 -1.5 0.0096496
1.5 -1.5 0.0078113
1.6 -1.5 0.0058345
1.7 -1.5 0.0036891
1.8 -1.5 0.0015713
1.9 -1.5 -0.0016575
2 -1.5 -0.0041542
-2 -1.4 -0.014504
-1.9 -1.4 -0.011884
-1.8 -1.4 -0.0096782
-1.7 -1.4 -0.0067164
-1.6 -1.4 -0.0031151
-1.5 -1.4 0.00019558
-1.4 -1.4 0.0024914
-1.3 -1.4 0.0049559
-1.2 -1.4 0.008046
-1.1 -1.4 0.010928
-1 -1.4 0.01403
-0.9 -1.4 0.017357
-0.8 -1.4 0.019762
-0.7 -1.4 0.022842
-0.6 -1.4 0.024313
-0.5 -1.4 0.025912
-0.4 -1.4 0.02733
-0.3 -1.4 0.028779
-0.2 -1.4 0.030461
-0.1 -1.4 0.031858
0 -1.4 0.031743
0.1 -1.4 0.03022
0.2 -1.4 0.02978
0.3 -1.4 0.028433
0.4 -1.4 0.026749
0.5 -1.4 0.024784
0.6 -1.4 0.023172
0.7 -1.4 0.022097
0.8 -1.4 0.019549
0.9 -1.4 0.016947
1 -1.4 0.014065
1.1 -1.4 0.01221
1.2 -1.4 0.0092022
1.3 -1.4 0.0073697
1.4 -1.4 0.0060691
1.5 -1.4 0.0040178
1.6 -1.4 0.0022899
1.7 -1.4 0.00043198
1.8 -1.4 -0.0018666
1.9 -1.4 -0.0051088
2 -1.4 -0.0073464
-2 -1.3 -0.019988
-1.9 -1.3 -0.017146
-1.8 -1.3 -0.014305
-1.7 -1.3 -0.011503
-1.6 -1.3 -0.0077643
-1.5 -1.3 -0.0057029
-1.4 -1.3 -0.0030596
-1.3 -1.3 -0.0011166
-1.2 -1.3 0.0024764
-1.1 -1.3 0.0053757
-1 -1.3 0.0087464
-0.9 -1.3 0.012449
-0.8 -1.3 0.015256
-0.7 -1.3 0.018209
-0.6 -1.3 0.019739
-0.5 -1.3 0.021018
-0.4 -1.3 0.022604
-0.3 -1.3 0.02483
-0.2 -1.3 0.027474
-0.1 -1.3 0.029075
0 -1.3 0.027882
0.1 -1.3 0.026626
0.2 -1.3 0.026001
0.3 -1.3 0.025705
0.4 -1.3 0.022687
0.5 -1.3 0.020805
0.6 -1.3 0.019256
0.7 -1.3 0.017884
0.8 -1.3 0.01509
0.9 -1.3 0.01266
1 -1.3 0.010646
1.1 -1.3 0.0089034
1.2 -1.3 0.005722
1.3 -1.3 0.0036869
1.4 -1.3 0.0019236
1.5 -1.3 -9.4784e-05
1.6 -1.3 -0.0016797
1.7 -1.3 -0.0035459
1.8 -1.3 -0.006039
1.9 -1.3 -0.0085751
2 -1.3 -0.010702
-2 -1.2 -0.023985
-1.9 -1.2 -0.02241
-1.8 -1.2 -0.01953
-1.7 -1.2 -0.017583
-1.6 -1.2 -0.013597
-1.5 -1.2 -0.011307
-1.4 -1.2 -0.0089582
-1.3 -1.2 -0.0059469
-1.2 -1.2 -0.0030194
-1.1 -1.2 0.00026587
-1 -1.2 0.0036326
-0.9 -1.2 0.0063756
-0.8 -1.2 0.0088969
-0.7 -1.2 0.011915
-0.6 -1.2 0.013964
-0.5 -1.2 0.015446
-0.4 -1.2 0.017008
-0.3 -1.2 0.019168
-0.2 -1.2 0.021668
-0.1 -1.2 0.023007
0 -1.2 0.023214
0.1 -1.2 0.023087
0.2 -1.2 0.022806
0.3 -1.2 0.021969
0.4 -1.2 0.019409
0.5 -1.2 0.01747
0.6 -1.2 0.016108
0.7 -1.2 0.014505
0.8 -1.2 0.011805
0.9 -1.2 0.0091712
1 -1.2 0.0067809
1.1 -1.2 0.0045976
1.2 -1.2 0.0019964
1.3 -1.2 0.00028718
1.4 -1.2 -0.0014669
1.5 -1.2 -0.0038468
1.6 -1.2 -0.0065207
1.7 -1.2 -0.0080929
1.8 -1.2 -0.010108
1.9 -1.2 -0.011989
2 -1.2 -0.013855
-2 -1.1 -0.028459
-1.9 -1.1 -0.027149
-1.8 -1.1 -0.02453
-1.7 -1.1 -0.022655
-1.6 -1.1 -0.019403
-1.5 -1.1 -0.016688
-1.4 -1.1 -0.014414
-1.3 -1.1 -0.010543
-1.2 -1.1 -0.007786
-1.1 -1.1 -0.0049177
-1 -1.1 -0.0017139
-0.9 -1.1 0.00085644
-0.8 -1.1 0.0038498
-0.7 -1.1 0.0065619
-0.6 -1.1 0.0082103
-0.5 -1.1 0.0095457
-0.4 -1.1 0.011244
-0.3 -1.1 0.013979
-0.2 -1.1 0.016016
-0.1 -1.1 0.016932
0 -1.1 0.017514
0.1 -1.1 0.018192
0.2 -1.1 0.017861
0.3 -1.1 0.016826
0.4 -1.1 0.014417
0.5 -1.1 0.011515
0.6 -1.1 0.010268
0.7 -1.1 0.0089362
0.8 -1.1 0.0061672
0.9 -1.1 0.0038801
1 -1.1 0.0016966
1.1 -1.1 -0.00098759
1.2 -1.1 -0.0040013
1.3 -1.1 -0.0057811
1.4 -1.1 -0.0063506
1.5 -1.1 -0.0082104
1.6 -1.1 -0.010565
1.7 -1.1 -0.012107
1.8 -1.1 -0.014856
1.9 -1.1 -0.017004
2 -1.1 -0.019212
-2 -1 -0.031701
-1.9 -1 -0.029952
-1.8 -1 -0.027782
-1.7 -1 -0.02567
-1.6 -1 -0.022377
-1.5 -1 -0.020318
-1.4 -1 -0.018677
-1.3 -1 -0.015604
-1.2 -1 -0.012416
-1.1 -1 -0.0089607
-1 -1 -0.0058589
-0.9 -1 -0.0034471
-0.8 -1 -0.00044391
-0.7 -1 0.002605
-0.6 -1 0.0041043
-0.5 -1 0.0052849
-0.4 -1 0.0074125
-0.3 -1 0.010606
-0.2 -1 0.012856
-0.1 -1 0.013871
0 -1 0.014653
0.1 -1 0.015325
0.2 -1 0.014412
0.3 -1 0.012923
0.4 -1 0.010133
0.5 -1 0.0075538
0.6 -1 0.0063134
0.7 -1 0.0046665
0.8 -1 0.0016428
0.9 -1 -0.00033813
1 -1 -0.0025554
1.1 -1 -0.0057003
1.2 -1 -0.0086676
1.3 -1 -0.010516
1.4 -1 -0.012146
1.5 -1 -0.014202
1.6 -1 -0.016077
1.7 -1 -0.018137
1.8 -1 -0.020561
1.9 -1 -0.022841
2 -1 -0.024695
-2 -0.9 -0.034386
-1.9 -0.9 -0.033092
-1.8 -0.9 -0.031345
-1.7 -0.9 -0.028817
-1.6 -0.9 -0.025878
-1.5 -0.9 -0.024393
-1.4 -0.9 -0.022101
-1.3 -0.9 -0.019876
-1.2 -0.9 -0.016309
-1.1 -0.9 -0.012548
-1 -0.9 -0.0096929
-0.9 -0.9 -0.0072605
-0.8 -0.9 -0.0044191
-0.7 -0.9 -0.0014544
-0.6 -0.9 0.00053367
-0.5 -0.9 0.0020432
-0.4 -0.9 0.0050652
-0.3 -0.9 0.0075873
-0.2 -0.9 0.0097627
-0.1 -0.9 0.010862
0 -0.9 0.011834
0.1 -0.9 0.01199
0.2 -0.9 0.011169
0.3 -0.9 0.0098468
0.4 -0.9 0.0074468
0.5 -0.9 0.0043791
0.6 -0.9 0.0025508
0.7 -0.9 0.00079521
0.8 -0.9 -0.002484
0.9 -0.9 -0.0050543
1 -0.9 -0.0070046
1.1 -0.9 -0.009858
1.2 -0.9 -0.012376
1.3 -0.9 -0.013823
1.4 -0.9 -0.015056
1.5 -0.9 -0.01735
1.6 -0.9 -0.01967
1.7 -0.9 -0.02161
1.8 -0.9 -0.024176
1.9 -0.9 -0.026427
2 -0.9 -0.028293
-2 -0.8 -0.036822
-1.9 -0.8 -0.036176
-1.8 -0.8 -0.034955
-1.7 -0.8 -0.032366
-1.6 -0.8 -0.029875
-1.5 -0.8 -0.027723
-1.4 -0.8 -0.025147
-1.3 -0.8 -0.022714
-1.2 -0.8 -0.019105
-1.1 -0.8 -0.015567
-1 -0.8 -0.012752
-0.9 -0.8 -0.010501
-0.8 -0.8 -0.0078173
-0.7 -0.8 -0.0051955
-0.6 -0.8 -0.0028301
-0.5 -0.8 -0.00041546
-0.4 -0.8 0.0026211
-0.3 -0.8 0.0049975
-0.2 -0.8 0.0070362
-0.1 -0.8 0.0079457
0 -0.8 0.0082948
0.1 -0.8 0.0082134
0.2 -0.8 0.0076105
0.3 -0.8 0.0059036
0.4 -0.8 0.0039154
0.5 -0.8 0.0013669
0.6 -0.8 -0.000528
0.7 -0.8 -0.0022856
0.8 -0.8 -0.0052194
0.9 -0.8 -0.0075555
1 -0.8 -0.0099516
1.1 -0.8 -0.013027
1.2 -0.8 -0.01549
1.3 -0.8 -0.01697
1.4 -0.8 -0.018529
1.5 -0.8 -0.020594
1.6 -0.8 -0.023
1.7 -0.8 -0.025071
1.8 -0.8 -0.027384
1.9 -0.8 -0.028982
2 -0.8 -0.030692
-2 -0.7 -0.040377
-1.9 -0.7 -0.039191
-1.8 -0.7 -0.037666
-1.7 -0.7 -0.036098
-1.6 -0.7 -0.032316
-1.5 -0.7 -0.030734
-1.4 -0.7 -0.028556
-1.3 -0.7 -0.02605
-1.2 -0.7 -0.022818
-1.1 -0.7 -0.018668
-1 -0.7 -0.015509
-0.9 -0.7 -0.013047
-0.8 -0.7 -0.010362
-0.7 -0.7 -0.0080611
-0.6 -0.7 -0.0057763
-0.5 -0.7 -0.0034897
-0.4 -0.7 -0.00077497
-0.3 -0.7 0.0011476
-0.2 -0.7 0.0029475
-0.1 -0.7 0.0039011
0 -0.7 0.0047426
0.1 -0.7 0.0047968
0.2 -0.7 0.004245
0.3 -0.7 0.0036331
0.4 -0.7 0.0012265
0.5 -0.7 -0.0010333
0.6 -0.7 -0.0034554
0.7 -0.7 -0.0053993
0.8 -0.7 -0.0075934
0.9 -0.7 -0.0098214
1 -0.7 -0.012143
1.1 -0.7 -0.015466
1.2 -0.7 -0.017863
1.3 -0.7 -0.019553
1.4 -0.7 -0.021458
1.5 -0.7 -0.023373
1.6 -0.7 -0.025576
1.7 -0.7 -0.027451
1.8 -0.7 -0.030333
1.9 -0.7 -0.032301
2 -0.7 -0.033133
-2 -0.6 -0.043
-1.9 -0.6 -0.041423
-1.8 -0.6 -0.040222
-1.7 -0.6 -0.038655
-1.6 -0.6 -0.035236
-1.5 -0.6 -0.033615
-1.4 -0.6 -0.031318
-1.3 -0.6 -0.028931
-1.2 -0.6 -0.026133
-1.1 -0.6 -0.021922
-1 -0.6 -0.018889
-0.9 -0.6 -0.016687
-0.8 -0.6 -0.013707
-0.7 -0.6 -0.011392
-0.6 -0.6 -0.0085225
-0.5 -0.6 -0.0061773
-0.4 -0.6 -0.0036643
-0.3 -0.6 -0.0020905
-0.2 -0.6 8.6042e-05
-0.1 -0.6 0.001697
0 -0.6 0.0024006
0.1 -0.6 0.0027743
0.2 -0.6 0.0023679
0.3 -0.6 0.0012918
0.4 -0.6 -0.0010507
0.5 -0.6 -0.0038464
0.6 -0.6 -0.005836
0.7 -0.6 -0.0083119
0.8 -0.6 -0.010122
0.9 -0.6 -0.012374
1 -0.6 -0.014816
1.1 -0.6 -0.018204
1.2 -0.6 -0.02032
1.3 -0.6 -0.02204
1.4 -0.6 -0.023731
1.5 -0.6 -0.025811
1.6 -0.6 -0.02838
1.7 -0.6 -0.030566
1.8 -0.6 -0.033162
1.9 -0.6 -0.035164
2 -0.6 -0.036597
-2 -0.5 -0.044587
-1.9 -0.5 -0.042906
-1.8 -0.5 -0.041965
-1.7 -0.5 -0.040829
-1.6 -0.5 -0.037629
-1.5 -0.5 -0.036162
-1.4 -0.5 -0.034102
-1.3 -0.5 -0.031535
-1.2 -0.5 -0.028188
-1.1 -0.5 -0.024454
-1 -0.5 -0.02157
-0.9 -0.5 -0.01926
-0.8 -0.5 -0.016857
-0.7 -0.5 -0.014534
-0.6 -0.5 -0.010837
-0.5 -0.5 -0.0087037
-0.4 -0.5 -0.0059606
-0.3 -0.5 -0.0035003
-0.2 -0.5 -0.0016994
-0.1 -0.5 -0.00065951
0 -0.5 -0.00051332
0.1 -0.5 -0.00038041
0.2 -0.5 -0.00047146
0.3 -0.5 -0.0014502
0.4 -0.5 -0.002841
0.5 -0.5 -0.0059213
0.6 -0.5 -0.0080163
0.7 -0.5 -0.0111
0.8 -0.5 -0.01274
0.9 -0.5 -0.015199
1 -0.5 -0.01706
1.1 -0.5 -0.020662
1.2 -0.5 -0.022554
1.3 -0.5 -0.024369
1.4 -0.5 -0.026163
1.5 -0.5 -0.028003
1.6 -0.5 -0.029936
1.7 -0.5 -0.032151
1.8 -0.5 -0.03523
1.9 -0.5 -0.037534
2 -0.5 -0.03885
-2 -0.4 -0.046255
-1.9 -0.4 -0.044634
-1.8 -0.4 -0.043854
-1.7 -0.4 -0.043261
-1.6 -0.4 -0.041122
-1.5 -0.4 -0.038038
-1.4 -0.4 -0.035904
-1.3 -0.4 -0.033545
-1.2 -0.4 -0.030452
-1.1 -0.4 -0.027301
-1 -0.4 -0.023989
-0.9 -0.4 -0.021626
-0.8 -0.4 -0.01898
-0.7 -0.4 -0.016496
-0.6 -0.4 -0.01356
-0.5 -0.4 -0.010679
-0.4 -0.4 -0.0077476
-0.3 -0.4 -0.0047899
-0.2 -0.4 -0.0033892
-0.1 -0.4 -0.0024388
0 -0.4 -0.0023828
0.1 -0.4 -0.0023783
0.2 -0.4 -0.0024068
0.3 -0.4 -0.0033549
0.4 -0.4 -0.0049998
0.5 -0.4 -0.0073906
0.6 -0.4 -0.0095392
0.7 -0.4 -0.012132
0.8 -0.4 -0.014502
0.9 -0.4 -0.016741
1 -0.4 -0.018645
1.1 -0.4 -0.022642
1.2 -0.4 -0.024451
1.3 -0.4 -0.025852
1.4 -0.4 -0.027731
1.5 -0.4 -0.03004
1.6 -0.4 -0.03183
1.7 -0.4 -0.033622
1.8 -0.4 -0.036838
1.9 -0.4 -0.039112
2 -0.4 -0.040193
-2 -0.3 -0.047183
-1.9 -0.3 -0.045875
-1.8 -0.3 -0.045202
-1.7 -0.3 -0.044211
-1.6 -0.3 -0.042562
-1.5 -0.3 -0.03959
-1.4 -0.3 -0.037777
-1.3 -0.3 -0.035441
-1.2 -0.3 -0.032085
-1.1 -0.3 -0.02845
-1 -0.3 -0.025335
-0.9 -0.3 -0.022888
-0.8 -0.3 -0.020681
-0.7 -0.3 -0.018044
-0.6 -0.3 -0.014562
-0.5 -0.3 -0.011499
-0.4 -0.3 -0.0091602
-0.3 -0.3 -0.0065731
-0.2 -0.3 -0.0053077
-0.1 -0.3 -0.0041287
0 -0.3 -0.0035828
0.1 -0.3 -0.0034932
0.2 -0.3 -0.0034838
0.3 -0.3 -0.0038259
0.4 -0.3 -0.0059272
0.5 -0.3 -0.0083015
0.6 -0.3 -0.010971
0.7 -0.3 -0.013255
0.8 -0.3 -0.015761
0.9 -0.3 -0.017838
1 -0.3 -0.019699
1.1 -0.3 -0.023472
1.2 -0.3 -0.025757
1.3 -0.3 -0.02695
1.4 -0.3 -0.029048
1.5 -0.3 -0.031075
1.6 -0.3 -0.03323
1.7 -0.3 -0.035005
1.8 -0.3 -0.037895
1.9 -0.3 -0.039779
2 -0.3 -0.040789
-2 -0.2 -0.047873
-1.9 -0.2 -0.046878
-1.8 -0.2 -0.046042
-1.7 -0.2 -0.045174
-1.6 -0.2 -0.043385
-1.5 -0.2 -0.04053
-1.4 -0.2 -0.038933
-1.3 -0.2 -0.036361
-1.2 -0.2 -0.032697
-1.1 -0.2 -0.029113
-1 -0.2 -0.02717
-0.9 -0.2 -0.024084
-0.8 -0.2 -0.020945
-0.7 -0.2 -0.018454
-0.6 -0.2 -0.014884
-0.5 -0.2 -0.011352
-0.4 -0.2 -0.0090702
-0.3 -0.2 -0.0070368
-0.2 -0.2 -0.0059043
-0.1 -0.2 -0.0054613
0 -0.2 -0.0049104
0.1 -0.2 -0.0046151
0.2 -0.2 -0.0042383
0.3 -0.2 -0.0043546
0.4 -0.2 -0.0065907
0.5 -0.2 -0.0087654
0.6 -0.2 -0.011356
0.7 -0.2 -0.014423
0.8 -0.2 -0.016665
0.9 -0.2 -0.019118
1 -0.2 -0.020795
1.1 -0.2 -0.024878
1.2 -0.2 -0.026997
1.3 -0.2 -0.028343
1.4 -0.2 -0.030401
1.5 -0.2 -0.032382
1.6 -0.2 -0.033994
1.7 -0.2 -0.036155
1.8 -0.2 -0.038688
1.9 -0.2 -0.040892
2 -0.2 -0.042016
-2 -0.1 -0.047573
-1.9 -0.1 -0.046931
-1.8 -0.1 -0.046192
-1.7 -0.1 -0.045382
-1.6 -0.1 -0.043767
-1.5 -0.1 -0.041962
-1.4 -0.1 -0.039029
-1.3 -0.1 -0.036551
-1.2 -0.1 -0.033264
-1.1 -0.1 -0.029797
-1 -0.1 -0.027054
-0.9 -0.1 -0.023952
-0.8 -0.1 -0.020788
-0.7 -0.1 -0.018236
-0.6 -0.1 -0.014844
-0.5 -0.1 -0.010853
-0.4 -0.1 -0.0087202
-0.3 -0.1 -0.0069153
-0.2 -0.1 -0.0059376
-0.1 -0.1 -0.0054582
0 -0.1 -0.0049187
0.1 -0.1 -0.005096
0.2 -0.1 -0.0051201
0.3 -0.1 -0.0049081
0.4 -0.1 -0.0068907
0.5 -0.1 -0.0089265
0.6 -0.1 -0.011306
0.7 -0.1 -0.014492
0.8 -0.1 -0.016622
0.9 -0.1 -0.019457
1 -0.1 -0.021654
1.1 -0.1 -0.026242
1.2 -0.1 -0.028491
1.3 -0.1 -0.029661
1.4 -0.1 -0.031167
1.5 -0.1 -0.033046
1.6 -0.1 -0.034745
1.7 -0.1 -0.037363
1.8 -0.1 -0.03997
1.9 -0.1 -0.041645
2 -0.1 -0.042007
-2 0 -0.046504
-1.9 0 -0.045755
-1.8 0 -0.04504
-1.7 0 -0.044772
-1.6 0 -0.043379
-1.5 0 -0.041482
-1.4 0 -0.038743
-1.3 0 -0.03641
-1.2 0 -0.033088
-1.1 0 -0.029547
-1 0 -0.02671
-0.9 0 -0.023586
-0.8 0 -0.020297
-0.7 0 -0.017931
-0.6 0 -0.01456
-0.5 0 -0.01053
-0.4 0 -0.0081479
-0.3 0 -0.0065107
-0.2 0 -0.0055878
-0.1 0 -0.005019
0 0 -0.004528
0.1 0 -0.0044097
0.2 0 -0.0045188
0.3 0 -0.0045975
0.4 0 -0.0066313
0.5 0 -0.0086995
0.6 0 -0.011076
0.7 0 -0.014317
0.8 0 -0.016258
0.9 0 -0.018934
1 0 -0.021314
1.1 0 -0.026166
1.2 0 -0.02813
1.3 0 -0.030143
1.4 0 -0.032346
1.5 0 -0.033764
1.6 0 -0.035262
1.7 0 -0.037276
1.8 0 -0.039503
1.9 0 -0.04133
2 0 -0.042303
-2 0.1 -0.04513
-1.9 0.1 -0.044587
-1.8 0.1 -0.044171
-1.7 0.1 -0.043027
-1.6 0.1 -0.041507
-1.5 0.1 -0.041018
-1.4 0.1 -0.039519
-1.3 0.1 -0.035835
-1.2 0.1 -0.032358
-1.1 0.1 -0.028879
-1 0.1 -0.025835
-0.9 0.1 -0.022748
-0.8 0.1 -0.019677
-0.7 0.1 -0.017046
-0.6 0.1 -0.013253
-0.5 0.1 -0.0098577
-0.4 0.1 -0.0071269
-0.3 0.1 -0.00557
-0.2 0.1 -0.0046543
-0.1 0.1 -0.0038632
0 0.1 -0.003469
0.1 0.1 -0.0031885
0.2 0.1 -0.0034179
0.3 0.1 -0.0036106
0.4 0.1 -0.0053057
0.5 0.1 -0.0083145
0.6 0.1 -0.011
0.7 0.1 -0.013801
0.8 0.1 -0.015894
0.9 0.1 -0.01823
1 0.1 -0.020119
1.1 0.1 -0.024314
1.2 0.1 -0.026802
1.3 0.1 -0.029017
1.4 0.1 -0.031375
1.5 0.1 -0.033409
1.6 0.1 -0.03574
1.7 0.1 -0.038136
1.8 0.1 -0.04023
1.9 0.1 -0.041858
2 0.1 -0.042554
-2 0.2 -0.043767
-1.9 0.2 -0.042993
-1.8 0.2 -0.042689
-1.7 0.2 -0.041809
-1.6 0.2 -0.040588
-1.5 0.2 -0.039069
-1.4 0.2 -0.037094
-1.3 0.2 -0.034002
-1.2 0.2 -0.031243
-1.1 0.2 -0.027894
-1 0.2 -0.024516
-0.9 0.2 -0.02143
-0.8 0.2 -0.019494
-0.7 0.2 -0.015753
-0.6 0.2 -0.011769
-0.5 0.2 -0.0087996
-0.4 0.2 -0.0061081
-0.3 0.2 -0.0044763
-0.2 0.2 -0.00335
-0.1 0.2 -0.0024448
0 0.2 -0.0019541
0.1 0.2 -0.0017887
0.2 0.2 -0.0023282
0.3 0.2 -0.0025799
0.4 0.2 -0.0038996
0.5 0.2 -0.0071295
0.6 0.2 -0.0092743
0.7 0.2 -0.011329
0.8 0.2 -0.013329
0.9 0.2 -0.014966
1 0.2 -0.018709
1.1 0.2 -0.022926
1.2 0.2 -0.026466
1.3 0.2 -0.028834
1.4 0.2 -0.031055
1.5 0.2 -0.033392
1.6 0.2 -0.035776
1.7 0.2 -0.038398
1.8 0.2 -0.040477
1.9 0.2 -0.042095
2 0.2 -0.043292
-2 0.3 -0.041993
-1.9 0.3 -0.04129
-1.8 0.3 -0.041075
-1.7 0.3 -0.040004
-1.6 0.3 -0.038542
-1.5 0.3 -0.037324
-1.4 0.3 -0.03539
-1.3 0.3 -0.031899
-1.2 0.3 -0.028621
-1.1 0.3 -0.025119
-1 0.3 -0.022673
-0.9 0.3 -0.019625
-0.8 0.3 -0.017625
-0.7 0.3 -0.014093
-0.6 0.3 -0.010303
-0.5 0.3 -0.007152
-0.4 0.3 -0.0042029
-0.3 0.3 -0.0026649
-0.2 0.3 -0.0015786
-0.1 0.3 -0.00068608
0 0.3 -0.00029814
0.1 0.3 -0.00010158
0.2 0.3 2.2113e-05
0.3 0.3 -3.0062e-05
0.4 0.3 -0.0012273
0.5 0.3 -0.0041016
0.6 0.3 -0.006362
0.7 0.3 -0.0085642
0.8 0.3 -0.011283
0.9 0.3 -0.013699
1 0.3 -0.01755
1.1 0.3 -0.02122
1.2 0.3 -0.025371
1.3 0.3 -0.028316
1.4 0.3 -0.030578
1.5 0.3 -0.03298
1.6 0.3 -0.035424
1.7 0.3 -0.037857
1.8 0.3 -0.039957
1.9 0.3 -0.041407
2 0.3 -0.042634
-2 0.4 -0.040359
-1.9 0.4 -0.039961
-1.8 0.4 -0.039164
-1.7 0.4 -0.038206
-1.6 0.4 -0.03645
-1.5 0.4 -0.035049
-1.4 0.4 -0.033023
-1.3 0.4 -0.030909
-1.2 0.4 -0.027135
-1.1 0.4 -0.02302
-1 0.4 -0.019854
-0.9 0.4 -0.015836
-0.8 0.4 -0.014115
-0.7 0.4 -0.01134
-0.6 0.4 -0.0075361
-0.5 0.4 -0.0048323
-0.4 0.4 -0.001933
-0.3 0.4 -0.00031763
-0.2 0.4 0.0015992
-0.1 0.4 0.0024322
0 0.4 0.002699
0.1 0.4 0.0028369
0.2 0.4 0.0026582
0.3 0.4 0.0028116
0.4 0.4 0.0013494
0.5 0.4 -0.001435
0.6 0.4 -0.0046219
0.7 0.4 -0.0064947
0.8 0.4 -0.0089835
0.9 0.4 -0.011637
1 0.4 -0.015365
1.1 0.4 -0.019965
1.2 0.4 -0.024398
1.3 0.4 -0.027119
1.4 0.4 -0.029474
1.5 0.4 -0.031832
1.6 0.4 -0.034357
1.7 0.4 -0.036718
1.8 0.4 -0.039225
1.9 0.4 -0.040551
2 0.4 -0.042339
-2 0.5 -0.038188
-1.9 0.5 -0.03784
-1.8 0.5 -0.036752
-1.7 0.5 -0.035709
-1.6 0.5 -0.033874
-1.5 0.5 -0.032707
-1.4 0.5 -0.030575
-1.3 0.5 -0.028211
-1.2 0.5 -0.024005
-1.1 0.5 -0.020442
-1 0.5 -0.01733
-0.9 0.5 -0.012897
-0.8 0.5 -0.010207
-0.7 0.5 -0.0071976
-0.6 0.5 -0.0031218
-0.5 0.5 -6.0152e-05
-0.4 0.5 0.0020409
-0.3 0.5 0.0030136
-0.2 0.5 0.0043326
-0.1 0.5 0.0051287
0 0.5 0.005508
0.1 0.5 0.00587
0.2 0.5 0.0055259
0.3 0.5 0.0048771
0.4 0.5 0.0032148
0.5 0.5 0.00021103
0.6 0.5 -0.0025722
0.7 0.5 -0.0042908
0.8 0.5 -0.0069516
0.9 0.5 -0.0093579
1 0.5 -0.013728
1.1 0.5 -0.018351
1.2 0.5 -0.022745
1.3 0.5 -0.025611
1.4 0.5 -0.028108
1.5 0.5 -0.02987
1.6 0.5 -0.032114
1.7 0.5 -0.034842
1.8 0.5 -0.03729
1.9 0.5 -0.038744
2 0.5 -0.040452
-2 0.6 -0.036145
-1.9 0.6 -0.035282
-1.8 0.6 -0.03442
-1.7 0.6 -0.033208
-1.6 0.6 -0.0317
-1.5 0.6 -0.030328
-1.4 0.6 -0.028097
-1.3 0.6 -0.025744
-1.2 0.6 -0.020882
-1.1 0.6 -0.016783
-1 0.6 -0.01294
-0.9 0.6 -0.0087436
-0.8 0.6 -0.0060081
-0.7 0.6 -0.0027947
-0.6 0.6 0.00068488
-0.5 0.6 0.0045918
-0.4 0.6 0.0060591
-0.3 0.6 0.0070618
-0.2 0.6 0.0081477
-0.1 0.6 0.0090693
0 0.6 0.0093325
0.1 0.6 0.0093679
0.2 0.6 0.0086808
0.3 0.6 0.0079032
0.4 0.6 0.0065404
0.5 0.6 0.0040402
0.6 0.6 0.00156
0.7 0.6 -0.00029438
0.8 0.6 -0.0028239
0.9 0.6 -0.0051216
1 0.6 -0.0095699
1.1 0.6 -0.01406
1.2 0.6 -0.018412
1.3 0.6 -0.021383
1.4 0.6 -0.024179
1.5 0.6 -0.027025
1.6 0.6 -0.029449
1.7 0.6 -0.031879
1.8 0.6 -0.034343
1.9 0.6 -0.036201
2 0.6 -0.038384
-2 0.7 -0.033622
-1.9 0.7 -0.032678
-1.8 0.7 -0.031507
-1.7 0.7 -0.029642
-1.6 0.7 -0.027454
-1.5 0.7 -0.024963
-1.4 0.7 -0.022111
-1.3 0.7 -0.019612
-1.2 0.7 -0.016483
-1.1 0.7 -0.012028
-1 0.7 -0.0083096
-0.9 0.7 -0.0043307
-0.8 0.7 -0.0014162
-0.7 0.7 0.0022957
-0.6 0.7 0.0046539
-0.5 0.7 0.0093145
-0.4 0.7 0.01184
-0.3 0.7 0.013796
-0.2 0.7 0.014346
-0.1 0.7 0.01487
0 0.7 0.014525
0.1 0.7 0.014299
0.2 0.7 0.013339
0.3 0.7 0.012183
0.4 0.7 0.010465
0.5 0.7 0.0073665
0.6 0.7 0.0051191
0.7 0.7 0.0024806
0.8 0.7 0.00034871
0.9 0.7 -0.0026034
1 0.7 -0.0074773
1.1 0.7 -0.011626
1.2 0.7 -0.016336
1.3 0.7 -0.019529
1.4 0.7 -0.022106
1.5 0.7 -0.025592
1.6 0.7 -0.028134
1.7 0.7 -0.031034
1.8 0.7 -0.033653
1.9 0.7 -0.035815
2 0.7 -0.03745
-2 0.8 -0.030377
-1.9 0.8 -0.028922
-1.8 0.8 -0.027714
-1.7 0.8 -0.025745
-1.6 0.8 -0.023397
-1.5 0.8 -0.021198
-1.4 0.8 -0.018356
-1.3 0.8 -0.014602
-1.2 0.8 -0.011003
-1.1 0.8 -0.0065269
-1 0.8 -0.0039938
-0.9 0.8 -0.00058964
-0.8 0.8 0.0029705
-0.7 0.8 0.0070303
-0.6 0.8 0.009802
-0.5 0.8 0.013594
-0.4 0.8 0.015563
-0.3 0.8 0.017202
-0.2 0.8 0.017989
-0.1 0.8 0.018998
0 0.8 0.018519
0.1 0.8 0.017519
0.2 0.8 0.01655
0.3 0.8 0.014816
0.4 0.8 0.01293
0.5 0.8 0.0097413
0.6 0.8 0.0076136
0.7 0.8 0.0056422
0.8 0.8 0.0036944
0.9 0.8 0.00068697
1 0.8 -0.004704
1.1 0.8 -0.0088843
1.2 0.8 -0.013627
1.3 0.8 -0.01751
1.4 0.8 -0.020509
1.5 0.8 -0.024172
1.6 0.8 -0.026436
1.7 0.8 -0.029658
1.8 0.8 -0.032277
1.9 0.8 -0.035396
2 0.8 -0.036822
-2 0.9 -0.025686
-1.9 0.9 -0.024492
-1.8 0.9 -0.023129
-1.7 0.9 -0.021426
-1.6 0.9 -0.019331
-1.5 0.9 -0.017301
-1.4 0.9 -0.01421
-1.3 0.9 -0.01049
-1.2 0.9 -0.0065148
-1.1 0.9 -0.0031615
-1 0.9 0.0013669
-0.9 0.9 0.0039808
-0.8 0.9 0.0073661
-0.7 0.9 0.010679
-0.6 0.9 0.013357
-0.5 0.9 0.016066
-0.4 0.9 0.018708
-0.3 0.9 0.020102
-0.2 0.9 0.020456
-0.1 0.9 0.021419
0 0.9 0.021719
0.1 0.9 0.021337
0.2 0.9 0.020211
0.3 0.9 0.018277
0.4 0.9 0.016329
0.5 0.9 0.013618
0.6 0.9 0.01151
0.7 0.9 0.0085797
0.8 0.9 0.0063312
0.9 0.9 0.0033342
1 0.9 -0.0024582
1.1 0.9 -0.006628
1.2 0.9 -0.010795
1.3 0.9 -0.01529
1.4 0.9 -0.018817
1.5 0.9 -0.021842
1.6 0.9 -0.024711
1.7 0.9 -0.027937
1.8 0.9 -0.031436
1.9 0.9 -0.033383
2 0.9 -0.035379
-2 1 -0.021988
-1.9 1 -0.020959
-1.8 1 -0.020331
-1.7 1 -0.018555
-1.6 1 -0.016358
-1.5 1 -0.014078
-1.4 1 -0.011023
-1.3 1 -0.007205
-1.2 1 -0.0027315
-1.1 1 0.00042066
-1 1 0.0056659
-0.9 1 0.0083451
-0.8 1 0.011466
-0.7 1 0.014145
-0.6 1 0.01671
-0.5 1 0.018937
-0.4 1 0.020789
-0.3 1 0.022446
-0.2 1 0.023285
-0.1 1 0.024222
0 1 0.02435
0.1 1 0.024491
0.2 1 0.024008
0.3 1 0.022878
0.4 1 0.021092
0.5 1 0.017363
0.6 1 0.014678
0.7 1 0.012119
0.8 1 0.0096084
0.9 1 0.005883
1 1 -0.00013666
1.1 1 -0.0041659
1.2 1 -0.008989
1.3 1 -0.013528
1.4 1 -0.016965
1.5 1 -0.020119
1.6 1 -0.022899
1.7 1 -0.026216
1.8 1 -0.02944
1.9 1 -0.031324
2 1 -0.033454
-2 1.1 -0.018738
-1.9 1.1 -0.017628
-1.8 1.1 -0.016223
-1.7 1.1 -0.014343
-1.6 1.1 -0.012501
-1.5 1.1 -0.010289
-1.4 1.1 -0.0073008
-1.3 1.1 -0.0030884
-1.2 1.1 0.0010714
-1.1 1.1 0.0038717
-1 1.1 0.0086763
-0.9 1.1 0.011271
-0.8 1.1 0.01482
-0.7 1.1 0.017483
-0.6 1.1 0.020031
-0.5 1.1 0.021494
-0.4 1.1 0.023142
-0.3 1.1 0.025299
-0.2 1.1 0.026063
-0.1 1.1 0.026876
0 1.1 0.028062
0.1 1.1 0.028266
0.2 1.1 0.02725
0.3 1.1 0.025763
0.4 1.1 0.023886
0.5 1.1 0.020569
0.6 1.1 0.018162
0.7 1.1 0.015212
0.8 1.1 0.012536
0.9 1.1 0.0090175
1 1.1 0.0027428
1.1 1.1 -0.0014233
1.2 1.1 -0.0064853
1.3 1.1 -0.011103
1.4 1.1 -0.014935
1.5 1.1 -0.018127
1.6 1.1 -0.021017
1.7 1.1 -0.024023
1.8 1.1 -0.027231
1.9 1.1 -0.028929
2 1.1 -0.030667
-2 1.2 -0.015587
-1.9 1.2 -0.014027
-1.8 1.2 -0.012907
-1.7 1.2 -0.011005
-1.6 1.2 -0.0088036
-1.5 1.2 -0.006041
-1.4 1.2 -0.0028823
-1.3 1.2 0.0015194
-1.2 1.2 0.004446
-1.1 1.2 0.0065113
-1 1.2 0.010392
-0.9 1.2 0.013954
-0.8 1.2 0.017548
-0.7 1.2 0.019538
-0.6 1.2 0.022458
-0.5 1.2 0.024674
-0.4 1.2 0.026338
-0.3 1.2 0.028432
-0.2 1.2 0.030099
-0.1 1.2 0.031501
0 1.2 0.032141
0.1 1.2 0.031911
0.2 1.2 0.030693
0.3 1.2 0.029034
0.4 1.2 0.026509
0.5 1.2 0.023203
0.6 1.2 0.021188
0.7 1.2 0.018547
0.8 1.2 0.01598
0.9 1.2 0.012312
1 1.2 0.0056184
1.1 1.2 0.00087994
1.2 1.2 -0.0036332
1.3 1.2 -0.0081952
1.4 1.2 -0.012312
1.5 1.2 -0.0157
1.6 1.2 -0.019007
1.7 1.2 -0.022119
1.8 1.2 -0.025266
1.9 1.2 -0.027037
2 1.2 -0.029009
-2 1.3 -0.01214
-1.9 1.3 -0.010747
-1.8 1.3 -0.0092665
-1.7 1.3 -0.0067077
-1.6 1.3 -0.0043142
-1.5 1.3 -0.0016912
-1.4 1.3 0.0013225
-1.3 1.3 0.0053614
-1.2 1.3 0.008426
-1.1 1.3 0.01083
-1 1.3 0.014242
-0.9 1.3 0.017565
-0.8 1.3 0.020609
-0.7 1.3 0.022858
-0.6 1.3 0.025844
-0.5 1.3 0.028795
-0.4 1.3 0.030998
-0.3 1.3 0.032041
-0.2 1.3 0.033433
-0.1 1.3 0.034575
0 1.3 0.035092
0.1 1.3 0.03508
0.2 1.3 0.034297
0.3 1.3 0.032255
0.4 1.3 0.029595
0.5 1.3 0.026048
0.6 1.3 0.023664
0.7 1.3 0.021129
0.8 1.3 0.017981
0.9 1.3 0.014531
1 1.3 0.0085311
1.1 1.3 0.0034463
1.2 1.3 -0.00080072
1.3 1.3 -0.0057279
1.4 1.3 -0.0096923
1.5 1.3 -0.013023
1.6 1.3 -0.016468
1.7 1.3 -0.019928
1.8 1.3 -0.022473
1.9 1.3 -0.024946
2 1.3 -0.026966
-2 1.4 -0.008729
-1.9 1.4 -0.0067645
-1.8 1.4 -0.0051718
-1.7 1.4 -0.0026648
-1.6 1.4 9.8601e-05
-1.5 1.4 0.0021346
-1.4 1.4 0.005126
-1.3 1.4 0.009012
-1.2 1.4 0.011789
-1.1 1.4 0.014058
-1 1.4 0.017393
-0.9 1.4 0.021577
-0.8 1.4 0.025025
-0.7 1.4 0.027318
-0.6 1.4 0.029797
-0.5 1.4 0.031867
-0.4 1.4 0.034472
-0.3 1.4 0.035948
-0.2 1.4 0.037231
-0.1 1.4 0.037878
0 1.4 0.037759
0.1 1.4 0.03739
0.2 1.4 0.036449
0.3 1.4 0.034502
0.4 1.4 0.032043
0.5 1.4 0.029093
0.6 1.4 0.026901
0.7 1.4 0.024032
0.8 1.4 0.020015
0.9 1.4 0.016502
1 1.4 0.010639
1.1 1.4 0.0059847
1.2 1.4 0.0019283
1.3 1.4 -0.0028285
1.4 1.4 -0.0067042
1.5 1.4 -0.010259
1.6 1.4 -0.014829
1.7 1.4 -0.017698
1.8 1.4 -0.020108
1.9 1.4 -0.022448
2 1.4 -0.024672
-2 1.5 -0.0055406
-1.9 1.5 -0.0041858
-1.8 1.5 -0.0026977
-1.7 1.5 0.00044456
-1.6 1.5 0.0035277
-1.5 1.5 0.0059995
-1.4 1.5 0.0085299
-1.3 1.5 0.011835
-1.2 1.5 0.014806
-1.1 1.5 0.017399
-1 1.5 0.021004
-0.9 1.5 0.024515
-0.8 1.5 0.028391
-0.7 1.5 0.030403
-0.6 1.5 0.032479
-0.5 1.5 0.034957
-0.4 1.5 0.037355
-0.3 1.5 0.038747
-0.2 1.5 0.039881
-0.1 1.5 0.040643
0 1.5 0.040707
0.1 1.5 0.040251
0.2 1.5 0.039133
0.3 1.5 0.037035
0.4 1.5 0.034421
0.5 1.5 0.031773
0.6 1.5 0.029988
0.7 1.5 0.027015
0.8 1.5 0.023559
0.9 1.5 0.019597
1 1.5 0.013921
1.1 1.5 0.008026
1.2 1.5 0.0039335
1.3 1.5 -0.00026718
1.4 1.5 -0.0039575
1.5 1.5 -0.0077251
1.6 1.5 -0.012377
1.7 1.5 -0.015573
1.8 1.5 -0.018052
1.9 1.5 -0.020193
2 1.5 -0.022582
-2 1.6 -0.003042
-1.9 1.6 -0.0015309
-1.8 1.6 0.00045132
-1.7 1.6 0.003734
-1.6 1.6 0.0066096
-1.5 1.6 0.0086101
-1.4 1.6 0.011579
-1.3 1.6 0.015267
-1.2 1.6 0.018686
-1.1 1.6 0.021451
-1 1.6 0.02427
-0.9 1.6 0.02746
-0.8 1.6 0.030822
-0.7 1.6 0.032941
-0.6 1.6 0.034836
-0.5 1.6 0.036789
-0.4 1.6 0.039039
-0.3 1.6 0.040631
-0.2 1.6 0.041704
-0.1 1.6 0.043352
0 1.6 0.043916
0.1 1.6 0.043073
0.2 1.6 0.041797
0.3 1.6 0.039296
0.4 1.6 0.036534
0.5 1.6 0.033818
0.6 1.6 0.031681
0.7 1.6 0.028682
0.8 1.6 0.025878
0.9 1.6 0.022197
1 1.6 0.017639
1.1 1.6 0.012305
1.2 1.6 0.0076555
1.3 1.6 0.0024424
1.4 1.6 -0.0013505
1.5 1.6 -0.004396
1.6 1.6 -0.0089722
1.7 1.6 -0.012185
1.8 1.6 -0.015046
1.9 1.6 -0.01746
2 1.6 -0.01987
-2 1.7 -0.00077312
-1.9 1.7 0.00090637
-1.8 1.7 0.0032533
-1.7 1.7 0.0065798
-1.6 1.7 0.0094867
-1.5 1.7 0.011941
-1.4 1.7 0.014834
-1.3 1.7 0.018426
-1.2 1.7 0.021822
-1.1 1.7 0.024406
-1 1.7 0.027419
-0.9 1.7 0.030784
-0.8 1.7 0.032507
-0.7 1.7 0.035166
-0.6 1.7 0.036456
-0.5 1.7 0.038265
-0.4 1.7 0.040173
-0.3 1.7 0.042521
-0.2 1.7 0.043627
-0.1 1.7 0.04502
0 1.7 0.045661
0.1 1.7 0.045282
0.2 1.7 0.044515
0.3 1.7 0.041711
0.4 1.7 0.038935
0.5 1.7 0.035758
0.6 1.7 0.032661
0.7 1.7 0.030195
0.8 1.7 0.027449
0.9 1.7 0.023555
1 1.7 0.019831
1.1 1.7 0.015039
1.2 1.7 0.010402
1.3 1.7 0.0062606
1.4 1.7 0.0027217
1.5 1.7 -0.0020961
1.6 1.7 -0.0061765
1.7 1.7 -0.0091556
1.8 1.7 -0.011645
1.9 1.7 -0.013632
2 1.7 -0.016248
-2 1.8 0.001607
-1.9 1.8 0.0037501
-1.8 1.8 0.00653
-1.7 1.8 0.010241
-1.6 1.8 0.012815
-1.5 1.8 0.014847
-1.4 1.8 0.017758
-1.3 1.8 0.021464
-1.2 1.8 0.024673
-1.1 1.8 0.027857
-1 1.8 0.030546
-0.9 1.8 0.033519
-0.8 1.8 0.035218
-0.7 1.8 0.037795
-0.6 1.8 0.039082
-0.5 1.8 0.040933
-0.4 1.8 0.042139
-0.3 1.8 0.044298
-0.2 1.8 0.045592
-0.1 1.8 0.046017
0 1.8 0.046941
0.1 1.8 0.046764
0.2 1.8 0.046377
0.3 1.8 0.04364
0.4 1.8 0.041473
0.5 1.8 0.038492
0.6 1.8 0.035485
0.7 1.8 0.032726
0.8 1.8 0.029468
0.9 1.8 0.025141
1 1.8 0.021935
1.1 1.8 0.017209
1.2 1.8 0.01294
1.3 1.8 0.0090324
1.4 1.8 0.0060205
1.5 1.8 0.0018186
1.6 1.8 -0.0026047
1.7 1.8 -0.0059722
1.8 1.8 -0.0084245
1.9 1.8 -0.010832
2 1.8 -0.013
-2 1.9 0.0044913
-1.9 1.9 0.0070978
-1.8 1.9 0.0099583
-1.7 1.9 0.013034
-1.6 1.9 0.015294
-1.5 1.9 0.017454
-1.4 1.9 0.020318
-1.3 1.9 0.02378
-1.2 1.9 0.026974
-1.1 1.9 0.030835
-1 1.9 0.034227
-0.9 1.9 0.036674
-0.8 1.9 0.038043
-0.7 1.9 0.040279
-0.6 1.9 0.041442
-0.5 1.9 0.042759
-0.4 1.9 0.044266
-0.3 1.9 0.045918
-0.2 1.9 0.04698
-0.1 1.9 0.047738
0 1.9 0.048516
0.1 1.9 0.048246
0.2 1.9 0.047471
0.3 1.9 0.044992
0.4 1.9 0.043194
0.5 1.9 0.040011
0.6 1.9 0.03721
0.7 1.9 0.034738
0.8 1.9 0.031633
0.9 1.9 0.027615
1 1.9 0.024406
1.1 1.9 0.020419
1.2 1.9 0.015039
1.3 1.9 0.01103
1.4 1.9 0.0074305
1.5 1.9 0.0045366
1.6 1.9 0.00090086
1.7 1.9 -0.0024772
1.8 1.9 -0.0054392
1.9 1.9 -0.008151
2 1.9 -0.010326
-2 2 0.007161
-1.9 2 0.0098233
-1.8 2 0.012409
-1.7 2 0.015587
-1.6 2 0.017432
-1.5 2 0.019795
-1.4 2 0.022953
-1.3 2 0.026212
-1.2 2 0.029575
-1.1 2 0.033149
-1 2 0.036419
-0.9 2 0.038368
-0.8 2 0.040375
-0.7 2 0.04199
-0.6 2 0.044092
-0.5 2 0.045206
-0.4 2 0.046223
-0.3 2 0.047424
-0.2 2 0.048714
-0.1 2 0.04955
0 2 0.049719
0.1 2 0.049681
0.2 2 0.048529
0.3 2 0.046062
0.4 2 0.044378
0.5 2 0.041431
0.6 2 0.038971
0.7 2 0.036446
0.8 2 0.034124
0.9 2 0.02951
1 2 0.026341
1.1 2 0.022824
1.2 2 0.017542
1.3 2 0.013393
1.4 2 0.009794
1.5 2 0.0069517
1.6 2 0.0031351
1.7 2 0.00010907
1.8 2 -0.0026305
1.9 2 -0.005109
2 2 -0.0073916
