-2 -2 0.071267
-1.9 -2 0.072421
-1.8 -2 0.070973
-1.7 -2 0.0708
-1.6 -2 0.067197
-1.5 -2 0.064361
-1.4 -2 0.060125
-1.3 -2 0.053103
-1.2 -2 0.047805
-1.1 -2 0.043212
-1 -2 0.038106
-0.9 -2 0.03585
-0.8 -2 0.025815
-0.7 -2 0.020976
-0.6 -2 0.015895
-0.5 -2 0.0095157
-0.4 -2 -0.00049103
-0.3 -2 -0.0091315
-0.2 -2 -0.015257
-0.1 -2 -0.017426
0 -2 -0.018188
0.1 -2 -0.019736
0.2 -2 -0.018236
0.3 -2 -0.017077
0.4 -2 -0.01744
0.5 -2 -0.015661
0.6 -2 -0.013255
0.7 -2 -0.0090944
0.8 -2 -0.0057762
0.9 -2 -0.002858
1 -2 -0.00091776
1.1 -2 0.0011206
1.2 -2 0.0054762
1.3 -2 0.0090569
1.4 -2 0.011077
1.5 -2 0.013504
1.6 -2 0.017093
1.7 -2 0.01888
1.8 -2 0.020441
1.9 -2 0.024732
2 -2 0.027752
-2 -1.9 0.068835
-1.9 -1.9 0.069596
-1.8 -1.9 0.068745
-1.7 -1.9 0.067241
-1.6 -1.9 0.063516
-1.5 -1.9 0.060484
-1.4 -1.9 0.056862
-1.3 -1.9 0.047605
-1.2 -1.9 0.043269
-1.1 -1.9 0.037775
-1 -1.9 0.033053
-0.9 -1.9 0.024038
-0.8 -1.9 0.018867
-0.7 -1.9 0.01104
-0.6 -1.9 -0.00059301
-0.5 -1.9 -0.0093312
-0.4 -1.9 -0.011508
-0.3 -1.9 -0.013734
-0.2 -1.9 -0.018545
-0.1 -1.9 -0.019277
0 -1.9 -0.021409
0.1 -1.9 -0.021892
0.2 -1.9 -0.021148
0.3 -1.9 -0.01959
0.4 -1.9 -0.019456
0.5 -1.9 -0.017112
0.6 -1.9 -0.014773
0.7 -1.9 -0.0096212
0.8 -1.9 -0.0065618
0.9 -1.9 -0.0055121
1 -1.9 -0.0040551
1.1 -1.9 -0.0020826
1.2 -1.9 0.00059379
1.3 -1.9 0.0045447
1.4 -1.9 0.0058694
1.5 -1.9 0.0072498
1.6 -1.9 0.011314
1.7 -1.9 0.013942
1.8 -1.9 0.02049
1.9 -1.9 0.022241
2 -1.9 0.02309
-2 -1.8 0.063773
-1.9 -1.8 0.064572
-1.8 -1.8 0.064275
-1.7 -1.8 0.061521
-1.6 -1.8 0.058645
-1.5 -1.8 0.056032
-1.4 -1.8 0.048464
-1.3 -1.8 0.040565
-1.2 -1.8 0.035281
-1.1 -1.8 0.0266
-1 -1.8 0.014861
-0.9 -1.8 0.0097665
-0.8 -1.8 0.0015857
-0.7 -1.8 -0.0041975
-0.6 -1.8 -0.011275
-0.5 -1.8 -0.013674
-0.4 -1.8 -0.017017
-0.3 -1.8 -0.018554
-0.2 -1.8 -0.021156
-0.1 -1.8 -0.026147
0 -1.8 -0.027663
0.1 -1.8 -0.026575
0.2 -1.8 -0.027707
0.3 -1.8 -0.025666
0.4 -1.8 -0.023994
0.5 -1.8 -0.023713
0.6 -1.8 -0.016699
0.7 -1.8 -0.013967
0.8 -1.8 -0.0115
0.9 -1.8 -0.010014
1 -1.8 -0.0072473
1.1 -1.8 -0.0045215
1.2 -1.8 -0.001372
1.3 -1.8 0.0024045
1.4 -1.8 0.0045295
1.5 -1.8 0.0066295
1.6 -1.8 0.015217
1.7 -1.8 0.017253
1.8 -1.8 0.019611
1.9 -1.8 0.022552
2 -1.8 0.024618
-2 -1.7 0.060747
-1.9 -1.7 0.060894
-1.8 -1.7 0.059955
-1.7 -1.7 0.057336
-1.6 -1.7 0.053629
-1.5 -1.7 0.045737
-1.4 -1.7 0.03235
-1.3 -1.7 0.023569
-1.2 -1.7 0.017382
-1.1 -1.7 0.0089821
-1 -1.7 0.0024409
-0.9 -1.7 -0.0052199
-0.8 -1.7 -0.012207
-0.7 -1.7 -0.016717
-0.6 -1.7 -0.018762
-0.5 -1.7 -0.021402
-0.4 -1.7 -0.023064
-0.3 -1.7 -0.024456
-0.2 -1.7 -0.025385
-0.1 -1.7 -0.028214
0 -1.7 -0.028243
0.1 -1.7 -0.02696
0.2 -1.7 -0.026247
0.3 -1.7 -0.024182
0.4 -1.7 -0.023312
0.5 -1.7 -0.020199
0.6 -1.7 -0.017487
0.7 -1.7 -0.015459
0.8 -1.7 -0.012251
0.9 -1.7 -0.0096867
1 -1.7 -0.0070124
1.1 -1.7 -0.0039181
1.2 -1.7 -0.0014204
1.3 -1.7 0.0011772
1.4 -1.7 0.0059908
1.5 -1.7 0.011572
1.6 -1.7 0.014116
1.7 -1.7 0.017269
1.8 -1.7 0.019374
1.9 -1.7 0.022976
2 -1.7 0.024721
-2 -1.6 0.050862
-1.9 -1.6 0.049986
-1.8 -1.6 0.046201
-1.7 -1.6 0.037566
-1.6 -1.6 0.035783
-1.5 -1.6 0.026334
-1.4 -1.6 0.018255
-1.3 -1.6 0.013886
-1.2 -1.6 0.0050179
-1.1 -1.6 -0.0036523
-1 -1.6 -0.0071244
-0.9 -1.6 -0.015309
-0.8 -1.6 -0.017999
-0.7 -1.6 -0.020557
-0.6 -1.6 -0.024125
-0.5 -1.6 -0.024748
-0.4 -1.6 -0.024564
-0.3 -1.6 -0.025018
-0.2 -1.6 -0.024937
-0.1 -1.6 -0.024552
0 -1.6 -0.025814
0.1 -1.6 -0.025335
0.2 -1.6 -0.023401
0.3 -1.6 -0.022339
0.4 -1.6 -0.020447
0.5 -1.6 -0.018235
0.6 -1.6 -0.01594
0.7 -1.6 -0.014088
0.8 -1.6 -0.011712
0.9 -1.6 -0.009147
1 -1.6 -0.0059741
1.1 -1.6 -0.0044732
1.2 -1.6 -0.0015323
1.3 -1.6 0.0057154
1.4 -1.6 0.009487
1.5 -1.6 0.011678
1.6 -1.6 0.01385
1.7 -1.6 0.015922
1.8 -1.6 0.018961
1.9 -1.6 0.022486
2 -1.6 0.023775
-2 -1.5 0.037168
-1.9 -1.5 0.035997
-1.8 -1.5 0.032337
-1.7 -1.5 0.029867
-1.6 -1.5 0.024127
-1.5 -1.5 0.015197
-1.4 -1.5 0.011449
-1.3 -1.5 0.0006549
-1.2 -1.5 -0.0060269
-1.1 -1.5 -0.010958
-1 -1.5 -0.017907
-0.9 -1.5 -0.020981
-0.8 -1.5 -0.024669
-0.7 -1.5 -0.024837
-0.6 -1.5 -0.025489
-0.5 -1.5 -0.026034
-0.4 -1.5 -0.025896
-0.3 -1.5 -0.025605
-0.2 -1.5 -0.024337
-0.1 -1.5 -0.022268
0 -1.5 -0.02266
0.1 -1.5 -0.022942
0.2 -1.5 -0.020479
0.3 -1.5 -0.018129
0.4 -1.5 -0.015263
0.5 -1.5 -0.016567
0.6 -1.5 -0.015297
0.7 -1.5 -0.01392
0.8 -1.5 -0.010537
0.9 -1.5 -0.0080817
1 -1.5 -0.0063074
1.1 -1.5 -0.0025683
1.2 -1.5 0.0012608
1.3 -1.5 0.0033432
1.4 -1.5 0.0067532
1.5 -1.5 0.0094929
1.6 -1.5 0.011528
1.7 -1.5 0.013584
1.8 -1.5 0.01618
1.9 -1.5 0.020349
2 -1.5 0.023361
-2 -1.4 0.030267
-1.9 -1.4 0.028758
-1.8 -1.4 0.024968
-1.7 -1.4 0.02009
-1.6 -1.4 0.015429
-1.5 -1.4 0.006485
-1.4 -1.4 -0.0062935
-1.3 -1.4 -0.0094759
-1.2 -1.4 -0.017212
-1.1 -1.4 -0.021692
-1 -1.4 -0.024812
-0.9 -1.4 -0.025877
-0.8 -1.4 -0.026754
-0.7 -1.4 -0.026944
-0.6 -1.4 -0.027094
-0.5 -1.4 -0.026241
-0.4 -1.4 -0.026024
-0.3 -1.4 -0.025509
-0.2 -1.4 -0.023403
-0.1 -1.4 -0.019803
0 -1.4 -0.017853
0.1 -1.4 -0.016898
0.2 -1.4 -0.015754
0.3 -1.4 -0.013645
0.4 -1.4 -0.013104
0.5 -1.4 -0.014006
0.6 -1.4 -0.013741
0.7 -1.4 -0.011754
0.8 -1.4 -0.009845
0.9 -1.4 -0.0075138
1 -1.4 -0.0024989
1.1 -1.4 -0.0018474
1.2 -1.4 -0.00035227
1.3 -1.4 0.00076339
1.4 -1.4 0.0037694
1.5 -1.4 0.0071809
1.6 -1.4 0.0099184
1.7 -1.4 0.012071
1.8 -1.4 0.016257
1.9 -1.4 0.020375
2 -1.4 0.022907
-2 -1.3 0.021518
-1.9 -1.3 0.020747
-1.8 -1.3 0.014946
-1.7 -1.3 0.011067
-1.6 -1.3 -0.0017884
-1.5 -1.3 -0.011666
-1.4 -1.3 -0.015589
-1.3 -1.3 -0.023219
-1.2 -1.3 -0.026095
-1.1 -1.3 -0.02873
-1 -1.3 -0.029507
-0.9 -1.3 -0.029897
-0.8 -1.3 -0.029658
-0.7 -1.3 -0.028646
-0.6 -1.3 -0.027576
-0.5 -1.3 -0.027006
-0.4 -1.3 -0.025993
-0.3 -1.3 -0.024217
-0.2 -1.3 -0.01968
-0.1 -1.3 -0.014988
0 -1.3 -0.010204
0.1 -1.3 -0.0094389
0.2 -1.3 -0.0095183
0.3 -1.3 -0.007499
0.4 -1.3 -0.0094644
0.5 -1.3 -0.011579
0.6 -1.3 -0.010939
0.7 -1.3 -0.009334
0.8 -1.3 -0.0037158
0.9 -1.3 -0.0036715
1 -1.3 -0.0029782
1.1 -1.3 -0.0019226
1.2 -1.3 -0.00065371
1.3 -1.3 0.00054959
1.4 -1.3 0.0011094
1.5 -1.3 0.0050622
1.6 -1.3 0.0089033
1.7 -1.3 0.011067
1.8 -1.3 0.016372
1.9 -1.3 0.020894
2 -1.3 0.022934
-2 -1.2 0.014222
-1.9 -1.2 0.010643
-1.8 -1.2 0.0043426
-1.7 -1.2 -0.0042198
-1.6 -1.2 -0.018261
-1.5 -1.2 -0.027508
-1.4 -1.2 -0.028649
-1.3 -1.2 -0.029483
-1.2 -1.2 -0.03231
-1.1 -1.2 -0.032827
-1 -1.2 -0.03286
-0.9 -1.2 -0.032467
-0.8 -1.2 -0.03197
-0.7 -1.2 -0.030842
-0.6 -1.2 -0.029012
-0.5 -1.2 -0.027614
-0.4 -1.2 -0.025338
-0.3 -1.2 -0.02013
-0.2 -1.2 -0.012527
-0.1 -1.2 -0.0073557
0 -1.2 -0.0059285
0.1 -1.2 -0.0046926
0.2 -1.2 -0.0028934
0.3 -1.2 -0.0038471
0.4 -1.2 -0.006128
0.5 -1.2 -0.0077306
0.6 -1.2 -0.0055934
0.7 -1.2 -0.001986
0.8 -1.2 -0.0020478
0.9 -1.2 -0.0025338
1 -1.2 -0.0028049
1.1 -1.2 -0.0018451
1.2 -1.2 -0.00034977
1.3 -1.2 0.00075494
1.4 -1.2 0.001205
1.5 -1.2 0.0043637
1.6 -1.2 0.0084927
1.7 -1.2 0.0099381
1.8 -1.2 0.014611
1.9 -1.2 0.017835
2 -1.2 0.020714
-2 -1.1 0.0033505
-1.9 -1.1 -0.0049599
-1.8 -1.1 -0.010719
-1.7 -1.1 -0.021123
-1.6 -1.1 -0.032922
-1.5 -1.1 -0.033868
-1.4 -1.1 -0.036126
-1.3 -1.1 -0.036546
-1.2 -1.1 -0.035659
-1.1 -1.1 -0.035422
-1 -1.1 -0.03513
-0.9 -1.1 -0.034217
-0.8 -1.1 -0.032735
-0.7 -1.1 -0.029887
-0.6 -1.1 -0.028028
-0.5 -1.1 -0.025244
-0.4 -1.1 -0.020798
-0.3 -1.1 -0.012024
-0.2 -1.1 -0.0073297
-0.1 -1.1 -0.0044218
0 -1.1 -0.002866
0.1 -1.1 -0.00075673
0.2 -1.1 0.0010018
0.3 -1.1 -0.00085538
0.4 -1.1 -0.0012955
0.5 -1.1 3.7579e-05
0.6 -1.1 -0.00032779
0.7 -1.1 -0.00078145
0.8 -1.1 -0.0021861
0.9 -1.1 -0.0025818
1 -1.1 -0.0029505
1.1 -1.1 -0.0020347
1.2 -1.1 -1.4566e-05
1.3 -1.1 0.00070565
1.4 -1.1 0.00073014
1.5 -1.1 0.0024281
1.6 -1.1 0.0063414
1.7 -1.1 0.0077133
1.8 -1.1 0.011115
1.9 -1.1 0.015211
2 -1.1 0.018359
-2 -1 -0.0115
-1.9 -1 -0.016576
-1.8 -1 -0.023765
-1.7 -1 -0.035184
-1.6 -1 -0.038983
-1.5 -1 -0.040158
-1.4 -1 -0.041573
-1.3 -1 -0.040227
-1.2 -1 -0.038516
-1.1 -1 -0.036339
-1 -1 -0.034443
-0.9 -1 -0.03282
-0.8 -1 -0.03061
-0.7 -1 -0.027264
-0.6 -1 -0.02464
-0.5 -1 -0.020212
-0.4 -1 -0.012141
-0.3 -1 -0.0069275
-0.2 -1 -0.0032102
-0.1 -1 -2.1432e-05
0 -1 0.0022945
0.1 -1 0.0056888
0.2 -1 0.0069836
0.3 -1 0.011018
0.4 -1 0.0067206
0.5 -1 0.0039431
0.6 -1 0.0028623
0.7 -1 0.0016331
0.8 -1 -0.00012461
0.9 -1 -0.0003342
1 -1 -0.00085814
1.1 -1 -0.00052358
1.2 -1 -0.00071828
1.3 -1 -0.0015748
1.4 -1 -0.0012925
1.5 -1 3.2686e-05
1.6 -1 0.0025554
1.7 -1 0.0052866
1.8 -1 0.0087946
1.9 -1 0.012082
2 -1 0.015105
-2 -0.9 -0.018304
-1.9 -0.9 -0.031023
-1.8 -0.9 -0.035339
-1.7 -0.9 -0.042813
-1.6 -0.9 -0.0436
-1.5 -0.9 -0.044602
-1.4 -0.9 -0.043306
-1.3 -0.9 -0.041408
-1.2 -0.9 -0.0391
-1.1 -0.9 -0.036564
-1 -0.9 -0.033983
-0.9 -0.9 -0.030934
-0.8 -0.9 -0.027159
-0.7 -0.9 -0.023266
-0.6 -0.9 -0.019536
-0.5 -0.9 -0.012575
-0.4 -0.9 -0.0073384
-0.3 -0.9 -0.0021206
-0.2 -0.9 0.0013308
-0.1 -0.9 0.0046155
0 -0.9 0.0091141
0.1 -0.9 0.014302
0.2 -0.9 0.01682
0.3 -0.9 0.015665
0.4 -0.9 0.011816
0.5 -0.9 0.0088634
0.6 -0.9 0.0079007
0.7 -0.9 0.0053338
0.8 -0.9 0.0022506
0.9 -0.9 0.0014868
1 -0.9 0.0010954
1.1 -0.9 -0.00060183
1.2 -0.9 -0.0023425
1.3 -0.9 -0.0026134
1.4 -0.9 -0.0024868
1.5 -0.9 -0.0021101
1.6 -0.9 5.5778e-05
1.7 -0.9 0.0036627
1.8 -0.9 0.0080023
1.9 -0.9 0.011082
2 -0.9 0.014585
-2 -0.8 -0.031386
-1.9 -0.8 -0.035476
-1.8 -0.8 -0.042568
-1.7 -0.8 -0.046
-1.6 -0.8 -0.047114
-1.5 -0.8 -0.046636
-1.4 -0.8 -0.043969
-1.3 -0.8 -0.042295
-1.2 -0.8 -0.038887
-1.1 -0.8 -0.035447
-1 -0.8 -0.031238
-0.9 -0.8 -0.026652
-0.8 -0.8 -0.022728
-0.7 -0.8 -0.018396
-0.6 -0.8 -0.011856
-0.5 -0.8 -0.0077461
-0.4 -0.8 -0.0020186
-0.3 -0.8 0.0020253
-0.2 -0.8 0.0067484
-0.1 -0.8 0.012398
0 -0.8 0.022488
0.1 -0.8 0.023336
0.2 -0.8 0.022693
0.3 -0.8 0.021987
0.4 -0.8 0.018593
0.5 -0.8 0.013887
0.6 -0.8 0.011311
0.7 -0.8 0.0081781
0.8 -0.8 0.0057052
0.9 -0.8 0.0031023
1 -0.8 0.000579
1.1 -0.8 -0.0019755
1.2 -0.8 -0.0029146
1.3 -0.8 -0.0038025
1.4 -0.8 -0.003494
1.5 -0.8 -0.0023476
1.6 -0.8 -0.00083677
1.7 -0.8 0.0016311
1.8 -0.8 0.0061634
1.9 -0.8 0.0098325
2 -0.8 0.013285
-2 -0.7 -0.032642
-1.9 -0.7 -0.037992
-1.8 -0.7 -0.047658
-1.7 -0.7 -0.04956
-1.6 -0.7 -0.049797
-1.5 -0.7 -0.046914
-1.4 -0.7 -0.044384
-1.3 -0.7 -0.041329
-1.2 -0.7 -0.037798
-1.1 -0.7 -0.031895
-1 -0.7 -0.027649
-0.9 -0.7 -0.022767
-0.8 -0.7 -0.016303
-0.7 -0.7 -0.010873
-0.6 -0.7 -0.007567
-0.5 -0.7 -0.0017149
-0.4 -0.7 0.0041409
-0.3 -0.7 0.0097152
-0.2 -0.7 0.018727
-0.1 -0.7 0.026668
0 -0.7 0.029103
0.1 -0.7 0.02898
0.2 -0.7 0.027242
0.3 -0.7 0.025733
0.4 -0.7 0.021819
0.5 -0.7 0.019077
0.6 -0.7 0.014011
0.7 -0.7 0.01052
0.8 -0.7 0.0076177
0.9 -0.7 0.0035965
1 -0.7 -0.00047586
1.1 -0.7 -0.0024239
1.2 -0.7 -0.003215
1.3 -0.7 -0.0037141
1.4 -0.7 -0.0042982
1.5 -0.7 -0.0033323
1.6 -0.7 -0.0020766
1.7 -0.7 -0.00067321
1.8 -0.7 0.003894
1.9 -0.7 0.0064054
2 -0.7 0.010051
-2 -0.6 -0.033419
-1.9 -0.6 -0.042567
-1.8 -0.6 -0.049103
-1.7 -0.6 -0.051621
-1.6 -0.6 -0.04926
-1.5 -0.6 -0.046764
-1.4 -0.6 -0.043379
-1.3 -0.6 -0.038964
-1.2 -0.6 -0.034494
-1.1 -0.6 -0.029348
-1 -0.6 -0.023828
-0.9 -0.6 -0.015032
-0.8 -0.6 -0.0093268
-0.7 -0.6 -0.0056143
-0.6 -0.6 9.2768e-05
-0.5 -0.6 0.0057996
-0.4 -0.6 0.013237
-0.3 -0.6 0.021531
-0.2 -0.6 0.026723
-0.1 -0.6 0.030737
0 -0.6 0.032203
0.1 -0.6 0.031725
0.2 -0.6 0.030821
0.3 -0.6 0.029191
0.4 -0.6 0.026189
0.5 -0.6 0.022116
0.6 -0.6 0.017143
0.7 -0.6 0.012833
0.8 -0.6 0.0081963
0.9 -0.6 0.0040948
1 -0.6 0.0007037
1.1 -0.6 -0.0010748
1.2 -0.6 -0.0023364
1.3 -0.6 -0.0037281
1.4 -0.6 -0.0046157
1.5 -0.6 -0.0038576
1.6 -0.6 -0.0025332
1.7 -0.6 -0.0016588
1.8 -0.6 0.0033088
1.9 -0.6 0.0058431
2 -0.6 0.0062142
-2 -0.5 -0.033458
-1.9 -0.5 -0.044401
-1.8 -0.5 -0.050463
-1.7 -0.5 -0.049536
-1.6 -0.5 -0.04709
-1.5 -0.5 -0.045094
-1.4 -0.5 -0.041234
-1.3 -0.5 -0.036497
-1.2 -0.5 -0.031457
-1.1 -0.5 -0.02569
-1 -0.5 -0.016668
-0.9 -0.5 -0.010791
-0.8 -0.5 -0.0042595
-0.7 -0.5 0.001341
-0.6 -0.5 0.0077489
-0.5 -0.5 0.017698
-0.4 -0.5 0.023459
-0.3 -0.5 0.02844
-0.2 -0.5 0.033325
-0.1 -0.5 0.035857
0 -0.5 0.03682
0.1 -0.5 0.035909
0.2 -0.5 0.035572
0.3 -0.5 0.034596
0.4 -0.5 0.031202
0.5 -0.5 0.025904
0.6 -0.5 0.022045
0.7 -0.5 0.015018
0.8 -0.5 0.0099455
0.9 -0.5 0.0057323
1 -0.5 0.0022492
1.1 -0.5 -3.7441e-05
1.2 -0.5 -0.0017238
1.3 -0.5 -0.0036352
1.4 -0.5 -0.0046305
1.5 -0.5 -0.0044544
1.6 -0.5 -0.004293
1.7 -0.5 -0.0031322
1.8 -0.5 0.0011181
1.9 -0.5 0.0025024
2 -0.5 0.0030728
-2 -0.4 -0.036007
-1.9 -0.4 -0.045793
-1.8 -0.4 -0.046418
-1.7 -0.4 -0.04577
-1.6 -0.4 -0.043994
-1.5 -0.4 -0.041097
-1.4 -0.4 -0.037813
-1.3 -0.4 -0.032972
-1.2 -0.4 -0.025927
-1.1 -0.4 -0.016307
-1 -0.4 -0.0097305
-0.9 -0.4 -0.0045361
-0.8 -0.4 0.0011016
-0.7 -0.4 0.0099044
-0.6 -0.4 0.018302
-0.5 -0.4 0.024349
-0.4 -0.4 0.029623
-0.3 -0.4 0.035089
-0.2 -0.4 0.03804
-0.1 -0.4 0.040268
0 -0.4 0.04103
0.1 -0.4 0.040372
0.2 -0.4 0.0391
0.3 -0.4 0.036875
0.4 -0.4 0.033553
0.5 -0.4 0.027569
0.6 -0.4 0.02249
0.7 -0.4 0.017698
0.8 -0.4 0.0099722
0.9 -0.4 0.0062893
1 -0.4 0.0029821
1.1 -0.4 0.00083726
1.2 -0.4 -0.0022172
1.3 -0.4 -0.0046101
1.4 -0.4 -0.0060235
1.5 -0.4 -0.0061399
1.6 -0.4 -0.0061713
1.7 -0.4 -0.0058476
1.8 -0.4 -0.0029576
1.9 -0.4 -0.00083062
2 -0.4 -0.0016195
-2 -0.3 -0.036623
-1.9 -0.3 -0.042716
-1.8 -0.3 -0.043002
-1.7 -0.3 -0.04256
-1.6 -0.3 -0.041507
-1.5 -0.3 -0.037045
-1.4 -0.3 -0.0327
-1.3 -0.3 -0.026107
-1.2 -0.3 -0.019229
-1.1 -0.3 -0.012234
-1 -0.3 -0.005755
-0.9 -0.3 0.00029813
-0.8 -0.3 0.010109
-0.7 -0.3 0.017521
-0.6 -0.3 0.023869
-0.5 -0.3 0.029757
-0.4 -0.3 0.035041
-0.3 -0.3 0.039678
-0.2 -0.3 0.041985
-0.1 -0.3 0.043811
0 -0.3 0.044415
0.1 -0.3 0.042745
0.2 -0.3 0.041151
0.3 -0.3 0.038942
0.4 -0.3 0.033496
0.5 -0.3 0.027585
0.6 -0.3 0.022305
0.7 -0.3 0.015637
0.8 -0.3 0.0097661
0.9 -0.3 0.0060463
1 -0.3 0.0024163
1.1 -0.3 -7.0114e-05
1.2 -0.3 -0.0030528
1.3 -0.3 -0.0058765
1.4 -0.3 -0.0072148
1.5 -0.3 -0.0083435
1.6 -0.3 -0.0090504
1.7 -0.3 -0.010293
1.8 -0.3 -0.0088206
1.9 -0.3 -0.0076879
2 -0.3 -0.0077909
-2 -0.2 -0.034722
-1.9 -0.2 -0.038787
-1.8 -0.2 -0.038835
-1.7 -0.2 -0.037878
-1.6 -0.2 -0.037288
-1.5 -0.2 -0.03239
-1.4 -0.2 -0.025506
-1.3 -0.2 -0.021386
-1.2 -0.2 -0.015142
-1.1 -0.2 -0.0090154
-1 -0.2 0.001574
-0.9 -0.2 0.0077532
-0.8 -0.2 0.015204
-0.7 -0.2 0.021901
-0.6 -0.2 0.028395
-0.5 -0.2 0.034035
-0.4 -0.2 0.039901
-0.3 -0.2 0.043781
-0.2 -0.2 0.046088
-0.1 -0.2 0.046433
0 -0.2 0.045756
0.1 -0.2 0.04375
0.2 -0.2 0.041852
0.3 -0.2 0.038572
0.4 -0.2 0.032725
0.5 -0.2 0.026324
0.6 -0.2 0.020573
0.7 -0.2 0.014581
0.8 -0.2 0.010105
0.9 -0.2 0.004271
1 -0.2 0.00093335
1.1 -0.2 -0.00089498
1.2 -0.2 -0.0037585
1.3 -0.2 -0.0068618
1.4 -0.2 -0.0088743
1.5 -0.2 -0.01111
1.6 -0.2 -0.014401
1.7 -0.2 -0.016145
1.8 -0.2 -0.015232
1.9 -0.2 -0.012291
2 -0.2 -0.0098343
-2 -0.1 -0.030938
-1.9 -0.1 -0.033811
-1.8 -0.1 -0.035121
-1.7 -0.1 -0.034033
-1.6 -0.1 -0.031937
-1.5 -0.1 -0.026882
-1.4 -0.1 -0.02149
-1.3 -0.1 -0.016592
-1.2 -0.1 -0.0093838
-1.1 -0.1 -0.0014901
-1 -0.1 0.0034442
-0.9 -0.1 0.011639
-0.8 -0.1 0.019582
-0.7 -0.1 0.02555
-0.6 -0.1 0.031508
-0.5 -0.1 0.039769
-0.4 -0.1 0.044333
-0.3 -0.1 0.046886
-0.2 -0.1 0.048213
-0.1 -0.1 0.048405
0 -0.1 0.046635
0.1 -0.1 0.044463
0.2 -0.1 0.041368
0.3 -0.1 0.037307
0.4 -0.1 0.03086
0.5 -0.1 0.024438
0.6 -0.1 0.018664
0.7 -0.1 0.013572
0.8 -0.1 0.0084739
0.9 -0.1 0.0046628
1 -0.1 -0.00046854
1.1 -0.1 -0.0024569
1.2 -0.1 -0.0054703
1.3 -0.1 -0.0094186
1.4 -0.1 -0.013316
1.5 -0.1 -0.016466
1.6 -0.1 -0.019488
1.7 -0.1 -0.019802
1.8 -0.1 -0.018046
1.9 -0.1 -0.01594
2 -0.1 -0.013055
-2 0 -0.027629
-1.9 0 -0.029055
-1.8 0 -0.029475
-1.7 0 -0.028117
-1.6 0 -0.024482
-1.5 0 -0.022373
-1.4 0 -0.016298
-1.3 0 -0.0074602
-1.2 0 -0.0034608
-1.1 0 0.0011234
-1 0 0.0071893
-0.9 0 0.015006
-0.8 0 0.023272
-0.7 0 0.02927
-0.6 0 0.036255
-0.5 0 0.042871
-0.4 0 0.046465
-0.3 0 0.048507
-0.2 0 0.049457
-0.1 0 0.049105
0 0 0.046912
0.1 0 0.043252
0.2 0 0.039625
0.3 0 0.034908
0.4 0 0.028371
0.5 0 0.021831
0.6 0 0.017222
0.7 0 0.012031
0.8 0 0.0069062
0.9 0 0.0028763
1 0 -0.0020633
1.1 0 -0.0051681
1.2 0 -0.010673
1.3 0 -0.013991
1.4 0 -0.016841
1.5 0 -0.021416
1.6 0 -0.024696
1.7 0 -0.024202
1.8 0 -0.021721
1.9 0 -0.019437
2 0 -0.017003
-2 0.1 -0.022572
-1.9 0.1 -0.024976
-1.8 0.1 -0.022793
-1.7 0.1 -0.021638
-1.6 0.1 -0.019619
-1.5 0.1 -0.01177
-1.4 0.1 -0.0097074
-1.3 0.1 -0.0050091
-1.2 0.1 0.00014714
-1.1 0.1 0.0056535
-1 0.1 0.011501
-0.9 0.1 0.019117
-0.8 0.1 0.026212
-0.7 0.1 0.033108
-0.6 0.1 0.040108
-0.5 0.1 0.04456
-0.4 0.1 0.047835
-0.3 0.1 0.049638
-0.2 0.1 0.049774
-0.1 0.1 0.048348
0 0.1 0.045055
0.1 0.1 0.041552
0.2 0.1 0.036405
0.3 0.1 0.032254
0.4 0.1 0.025968
0.5 0.1 0.020058
0.6 0.1 0.01503
0.7 0.1 0.009441
0.8 0.1 0.0049715
0.9 0.1 -6.7168e-05
1 0.1 -0.005598
1.1 0.1 -0.011052
1.2 0.1 -0.014591
1.3 0.1 -0.017989
1.4 0.1 -0.023074
1.5 0.1 -0.025871
1.6 0.1 -0.027205
1.7 0.1 -0.02577
1.8 0.1 -0.023908
1.9 0.1 -0.0207
2 0.1 -0.018399
-2 0.2 -0.019421
-1.9 0.2 -0.018689
-1.8 0.2 -0.017821
-1.7 0.2 -0.015344
-1.6 0.2 -0.00972
-1.5 0.2 -0.0074597
-1.4 0.2 -0.0052324
-1.3 0.2 -0.00051591
-1.2 0.2 0.0042172
-1.1 0.2 0.0089988
-1 0.2 0.015718
-0.9 0.2 0.02202
-0.8 0.2 0.02775
-0.7 0.2 0.035443
-0.6 0.2 0.041821
-0.5 0.2 0.044715
-0.4 0.2 0.047207
-0.3 0.2 0.048823
-0.2 0.2 0.047982
-0.1 0.2 0.045658
0 0.2 0.042838
0.1 0.2 0.038627
0.2 0.2 0.033933
0.3 0.2 0.029451
0.4 0.2 0.024873
0.5 0.2 0.018106
0.6 0.2 0.011534
0.7 0.2 0.0048482
0.8 0.2 -0.0015507
0.9 0.2 -0.0057652
1 0.2 -0.010074
1.1 0.2 -0.013278
1.2 0.2 -0.018147
1.3 0.2 -0.023097
1.4 0.2 -0.025878
1.5 0.2 -0.028618
1.6 0.2 -0.028707
1.7 0.2 -0.026679
1.8 0.2 -0.024205
1.9 0.2 -0.021236
2 0.2 -0.017817
-2 0.3 -0.01364
-1.9 0.3 -0.014483
-1.8 0.3 -0.0090488
-1.7 0.3 -0.0067476
-1.6 0.3 -0.0059223
-1.5 0.3 -0.0042878
-1.4 0.3 -0.00044514
-1.3 0.3 0.0040509
-1.2 0.3 0.0086021
-1.1 0.3 0.014446
-1 0.3 0.019711
-0.9 0.3 0.024233
-0.8 0.3 0.029382
-0.7 0.3 0.036104
-0.6 0.3 0.040727
-0.5 0.3 0.043573
-0.4 0.3 0.045486
-0.3 0.3 0.045708
-0.2 0.3 0.04541
-0.1 0.3 0.042188
0 0.3 0.039834
0.1 0.3 0.034988
0.2 0.3 0.029286
0.3 0.3 0.025295
0.4 0.3 0.019774
0.5 0.3 0.01119
0.6 0.3 0.0045184
0.7 0.3 0.00020225
0.8 0.3 -0.0042607
0.9 0.3 -0.0085436
1 0.3 -0.012691
1.1 0.3 -0.016052
1.2 0.3 -0.022109
1.3 0.3 -0.025602
1.4 0.3 -0.028516
1.5 0.3 -0.029412
1.6 0.3 -0.029441
1.7 0.3 -0.027081
1.8 0.3 -0.023882
1.9 0.3 -0.020924
2 0.3 -0.017435
-2 0.4 -0.0067797
-1.9 0.4 -0.0059327
-1.8 0.4 -0.0042274
-1.7 0.4 -0.0037063
-1.6 0.4 -0.0027114
-1.5 0.4 0.00037653
-1.4 0.4 0.0036233
-1.3 0.4 0.0072065
-1.2 0.4 0.011277
-1.1 0.4 0.017446
-1 0.4 0.022298
-0.9 0.4 0.027309
-0.8 0.4 0.031715
-0.7 0.4 0.035326
-0.6 0.4 0.038877
-0.5 0.4 0.040885
-0.4 0.4 0.042534
-0.3 0.4 0.042251
-0.2 0.4 0.039899
-0.1 0.4 0.037155
0 0.4 0.03324
0.1 0.4 0.028847
0.2 0.4 0.024401
0.3 0.4 0.019398
0.4 0.4 0.013087
0.5 0.4 0.0068945
0.6 0.4 0.0016098
0.7 0.4 -0.0026568
0.8 0.4 -0.0071055
0.9 0.4 -0.012157
1 0.4 -0.016575
1.1 0.4 -0.020633
1.2 0.4 -0.023966
1.3 0.4 -0.028916
1.4 0.4 -0.030373
1.5 0.4 -0.030307
1.6 0.4 -0.029989
1.7 0.4 -0.028226
1.8 0.4 -0.023275
1.9 0.4 -0.0188
2 0.4 -0.0093955
-2 0.5 -0.0010809
-1.9 0.5 -0.00088436
-1.8 0.5 -0.0013103
-1.7 0.5 3.441e-05
-1.6 0.5 0.0017675
-1.5 0.5 0.0046408
-1.4 0.5 0.0071173
-1.3 0.5 0.0095638
-1.2 0.5 0.014287
-1.1 0.5 0.018886
-1 0.5 0.022931
-0.9 0.5 0.02906
-0.8 0.5 0.031666
-0.7 0.5 0.033106
-0.6 0.5 0.035896
-0.5 0.5 0.036635
-0.4 0.5 0.036721
-0.3 0.5 0.037089
-0.2 0.5 0.03497
-0.1 0.5 0.031953
0 0.5 0.027283
0.1 0.5 0.021806
0.2 0.5 0.018566
0.3 0.5 0.014937
0.4 0.5 0.0099527
0.5 0.5 0.0033928
0.6 0.5 -0.0020624
0.7 0.5 -0.0062869
0.8 0.5 -0.011314
0.9 0.5 -0.016353
1 0.5 -0.020055
1.1 0.5 -0.024627
1.2 0.5 -0.027815
1.3 0.5 -0.03083
1.4 0.5 -0.032341
1.5 0.5 -0.032074
1.6 0.5 -0.031578
1.7 0.5 -0.027653
1.8 0.5 -0.021893
1.9 0.5 -0.01782
2 0.5 -0.009761
-2 0.6 0.0045832
-1.9 0.6 0.0041922
-1.8 0.6 0.0031635
-1.7 0.6 0.0042203
-1.6 0.6 0.0058174
-1.5 0.6 0.0075923
-1.4 0.6 0.0094429
-1.3 0.6 0.011189
-1.2 0.6 0.015651
-1.1 0.6 0.017915
-1 0.6 0.021587
-0.9 0.6 0.026281
-0.8 0.6 0.028816
-0.7 0.6 0.030498
-0.6 0.6 0.031933
-0.5 0.6 0.033499
-0.4 0.6 0.033014
-0.3 0.6 0.031667
-0.2 0.6 0.02887
-0.1 0.6 0.023382
0 0.6 0.019788
0.1 0.6 0.017744
0.2 0.6 0.014356
0.3 0.6 0.010645
0.4 0.6 0.0053259
0.5 0.6 -0.0014853
0.6 0.6 -0.0070705
0.7 0.6 -0.012124
0.8 0.6 -0.016626
0.9 0.6 -0.021354
1 0.6 -0.02665
1.1 0.6 -0.030212
1.2 0.6 -0.032837
1.3 0.6 -0.033591
1.4 0.6 -0.035343
1.5 0.6 -0.034513
1.6 0.6 -0.031575
1.7 0.6 -0.025729
1.8 0.6 -0.021339
1.9 0.6 -0.017726
2 0.6 -0.006657
-2 0.7 0.0072506
-1.9 0.7 0.008262
-1.8 0.7 0.0081108
-1.7 0.7 0.0070776
-1.6 0.7 0.0074879
-1.5 0.7 0.0067565
-1.4 0.7 0.0074017
-1.3 0.7 0.0093224
-1.2 0.7 0.012229
-1.1 0.7 0.0161
-1 0.7 0.020343
-0.9 0.7 0.023255
-0.8 0.7 0.025208
-0.7 0.7 0.026631
-0.6 0.7 0.026095
-0.5 0.7 0.027069
-0.4 0.7 0.02623
-0.3 0.7 0.023061
-0.2 0.7 0.019663
-0.1 0.7 0.015549
0 0.7 0.014096
0.1 0.7 0.012502
0.2 0.7 0.0092525
0.3 0.7 0.0048859
0.4 0.7 0.00051711
0.5 0.7 -0.0058631
0.6 0.7 -0.011755
0.7 0.7 -0.015939
0.8 0.7 -0.02103
0.9 0.7 -0.026254
1 0.7 -0.030581
1.1 0.7 -0.032775
1.2 0.7 -0.034766
1.3 0.7 -0.034548
1.4 0.7 -0.033751
1.5 0.7 -0.032377
1.6 0.7 -0.028341
1.7 0.7 -0.023339
1.8 0.7 -0.019058
1.9 0.7 -0.0096504
2 0.7 -0.0032061
-2 0.8 0.011388
-1.9 0.8 0.010363
-1.8 0.8 0.0094553
-1.7 0.8 0.0078318
-1.6 0.8 0.0064691
-1.5 0.8 0.0063329
-1.4 0.8 0.0070846
-1.3 0.8 0.0097412
-1.2 0.8 0.011397
-1.1 0.8 0.016081
-1 0.8 0.017781
-0.9 0.8 0.018988
-0.8 0.8 0.019962
-0.7 0.8 0.021401
-0.6 0.8 0.020172
-0.5 0.8 0.019771
-0.4 0.8 0.019144
-0.3 0.8 0.016982
-0.2 0.8 0.013354
-0.1 0.8 0.012001
0 0.8 0.01082
0.1 0.8 0.008521
0.2 0.8 0.0053712
0.3 0.8 0.00097128
0.4 0.8 -0.0037322
0.5 0.8 -0.010441
0.6 0.8 -0.015214
0.7 0.8 -0.020595
0.8 0.8 -0.025885
0.9 0.8 -0.030634
1 0.8 -0.032244
1.1 0.8 -0.034393
1.2 0.8 -0.035102
1.3 0.8 -0.034281
1.4 0.8 -0.031794
1.5 0.8 -0.028019
1.6 0.8 -0.026805
1.7 0.8 -0.020665
1.8 0.8 -0.015607
1.9 0.8 -0.0041175
2 0.8 -0.00088486
-2 0.9 0.01239
-1.9 0.9 0.011082
-1.8 0.9 0.010411
-1.7 0.9 0.0083038
-1.6 0.9 0.0069593
-1.5 0.9 0.0059246
-1.4 0.9 0.0071327
-1.3 0.9 0.0093548
-1.2 0.9 0.011523
-1.1 0.9 0.013054
-1 0.9 0.014745
-0.9 0.9 0.014049
-0.8 0.9 0.014017
-0.7 0.9 0.015729
-0.6 0.9 0.016128
-0.5 0.9 0.014982
-0.4 0.9 0.014895
-0.3 0.9 0.011609
-0.2 0.9 0.0092582
-0.1 0.9 0.0076062
0 0.9 0.0056153
0.1 0.9 0.0043341
0.2 0.9 0.0015043
0.3 0.9 -0.0041749
0.4 0.9 -0.0087069
0.5 0.9 -0.015843
0.6 0.9 -0.019957
0.7 0.9 -0.025407
0.8 0.9 -0.029783
0.9 0.9 -0.032701
1 0.9 -0.033822
1.1 0.9 -0.034621
1.2 0.9 -0.034347
1.3 0.9 -0.03176
1.4 0.9 -0.02774
1.5 0.9 -0.024838
1.6 0.9 -0.023158
1.7 0.9 -0.016495
1.8 0.9 -0.0039758
1.9 0.9 -0.0012497
2 0.9 0.0020169
-2 1 0.014734
-1.9 1 0.013143
-1.8 1 0.01147
-1.7 1 0.010849
-1.6 1 0.0075659
-1.5 1 0.0072866
-1.4 1 0.0077513
-1.3 1 0.0086287
-1.2 1 0.011277
-1.1 1 0.0099918
-1 1 0.0091275
-0.9 1 0.0094554
-0.8 1 0.010277
-0.7 1 0.012105
-0.6 1 0.012855
-0.5 1 0.012031
-0.4 1 0.010304
-0.3 1 0.0068431
-0.2 1 0.004738
-0.1 1 0.0027922
0 1 0.00099955
0.1 1 -0.0016581
0.2 1 -0.0057242
0.3 1 -0.010187
0.4 1 -0.013922
0.5 1 -0.019274
0.6 1 -0.024236
0.7 1 -0.028548
0.8 1 -0.031601
0.9 1 -0.034231
1 1 -0.034417
1.1 1 -0.03468
1.2 1 -0.031525
1.3 1 -0.027955
1.4 1 -0.025455
1.5 1 -0.021263
1.6 1 -0.015331
1.7 1 -0.01042
1.8 1 -0.00085082
1.9 1 0.0015135
2 1 0.0083382
-2 1.1 0.016125
-1.9 1.1 0.014685
-1.8 1.1 0.013521
-1.7 1.1 0.011079
-1.6 1.1 0.007558
-1.5 1.1 0.0079136
-1.4 1.1 0.008119
-1.3 1.1 0.0082997
-1.2 1.1 0.0067161
-1.1 1.1 0.006733
-1 1.1 0.007075
-0.9 1.1 0.0068169
-0.8 1.1 0.0080397
-0.7 1.1 0.0089005
-0.6 1.1 0.009709
-0.5 1.1 0.0086669
-0.4 1.1 0.0045404
-0.3 1.1 0.0025291
-0.2 1.1 -0.00049422
-0.1 1.1 -0.002889
0 1.1 -0.0059317
0.1 1.1 -0.0090041
0.2 1.1 -0.012587
0.3 1.1 -0.015543
0.4 1.1 -0.017911
0.5 1.1 -0.023454
0.6 1.1 -0.027362
0.7 1.1 -0.030713
0.8 1.1 -0.032971
0.9 1.1 -0.034418
1 1.1 -0.033401
1.1 1.1 -0.031273
1.2 1.1 -0.027954
1.3 1.1 -0.02499
1.4 1.1 -0.021506
1.5 1.1 -0.016288
1.6 1.1 -0.010087
1.7 1.1 -0.0065763
1.8 1.1 0.005556
1.9 1.1 0.0095126
2 1.1 0.013129
-2 1.2 0.01611
-1.9 1.2 0.01605
-1.8 1.2 0.013718
-1.7 1.2 0.011269
-1.6 1.2 0.01016
-1.5 1.2 0.0074841
-1.4 1.2 0.0062115
-1.3 1.2 0.0067124
-1.2 1.2 0.0054823
-1.1 1.2 0.0047693
-1 1.2 0.0052294
-0.9 1.2 0.0053087
-0.8 1.2 0.0063516
-0.7 1.2 0.0056148
-0.6 1.2 0.0056912
-0.5 1.2 0.0041619
-0.4 1.2 -0.00085617
-0.3 1.2 -0.0032211
-0.2 1.2 -0.0064851
-0.1 1.2 -0.010671
0 1.2 -0.012193
0.1 1.2 -0.014239
0.2 1.2 -0.017578
0.3 1.2 -0.020023
0.4 1.2 -0.022775
0.5 1.2 -0.028064
0.6 1.2 -0.030313
0.7 1.2 -0.031899
0.8 1.2 -0.033007
0.9 1.2 -0.032773
1 1.2 -0.030437
1.1 1.2 -0.027046
1.2 1.2 -0.024722
1.3 1.2 -0.020862
1.4 1.2 -0.015499
1.5 1.2 -0.013058
1.6 1.2 -0.0054351
1.7 1.2 0.0081081
1.8 1.2 0.011495
1.9 1.2 0.014422
2 1.2 0.018556
-2 1.3 0.015685
-1.9 1.3 0.015825
-1.8 1.3 0.014881
-1.7 1.3 0.011436
-1.6 1.3 0.0098777
-1.5 1.3 0.0091667
-1.4 1.3 0.0076085
-1.3 1.3 0.0058729
-1.2 1.3 0.0049788
-1.1 1.3 0.0039086
-1 1.3 0.0040394
-0.9 1.3 0.0045223
-0.8 1.3 0.0042489
-0.7 1.3 0.0022018
-0.6 1.3 0.00028961
-0.5 1.3 -0.0033094
-0.4 1.3 -0.0071776
-0.3 1.3 -0.010556
-0.2 1.3 -0.013196
-0.1 1.3 -0.015224
0 1.3 -0.017142
0.1 1.3 -0.018673
0.2 1.3 -0.020658
0.3 1.3 -0.024249
0.4 1.3 -0.027982
0.5 1.3 -0.030717
0.6 1.3 -0.032419
0.7 1.3 -0.033449
0.8 1.3 -0.032091
0.9 1.3 -0.029697
1 1.3 -0.026264
1.1 1.3 -0.024282
1.2 1.3 -0.020163
1.3 1.3 -0.014618
1.4 1.3 -0.011285
1.5 1.3 -0.0019135
1.6 1.3 0.0033884
1.7 1.3 0.013352
1.8 1.3 0.020264
1.9 1.3 0.022611
2 1.3 0.029451
-2 1.4 0.014598
-1.9 1.4 0.013229
-1.8 1.4 0.013097
-1.7 1.4 0.013097
-1.6 1.4 0.01233
-1.5 1.4 0.0099238
-1.4 1.4 0.0090561
-1.3 1.4 0.0068457
-1.2 1.4 0.0054962
-1.1 1.4 0.0039165
-1 1.4 0.0031918
-0.9 1.4 0.0028588
-0.8 1.4 0.00043805
-0.7 1.4 -0.0033012
-0.6 1.4 -0.006257
-0.5 1.4 -0.010063
-0.4 1.4 -0.013685
-0.3 1.4 -0.017096
-0.2 1.4 -0.017543
-0.1 1.4 -0.018718
0 1.4 -0.020598
0.1 1.4 -0.022499
0.2 1.4 -0.02422
0.3 1.4 -0.028458
0.4 1.4 -0.030668
0.5 1.4 -0.03367
0.6 1.4 -0.033407
0.7 1.4 -0.03254
0.8 1.4 -0.030064
0.9 1.4 -0.026786
1 1.4 -0.02343
1.1 1.4 -0.019434
1.2 1.4 -0.012985
1.3 1.4 -0.0062508
1.4 1.4 0.00055668
1.5 1.4 0.0051015
1.6 1.4 0.016117
1.7 1.4 0.022279
1.8 1.4 0.029668
1.9 1.4 0.032186
2 1.4 0.035959
-2 1.5 0.012592
-1.9 1.5 0.012796
-1.8 1.5 0.012786
-1.7 1.5 0.012349
-1.6 1.5 0.01313
-1.5 1.5 0.013635
-1.4 1.5 0.010714
-1.3 1.5 0.0080132
-1.2 1.5 0.0061265
-1.1 1.5 0.003943
-1 1.5 0.00026574
-0.9 1.5 -0.0017896
-0.8 1.5 -0.0037356
-0.7 1.5 -0.0080564
-0.6 1.5 -0.012367
-0.5 1.5 -0.017532
-0.4 1.5 -0.018784
-0.3 1.5 -0.020012
-0.2 1.5 -0.021264
-0.1 1.5 -0.022143
0 1.5 -0.023379
0.1 1.5 -0.025284
0.2 1.5 -0.02839
0.3 1.5 -0.030509
0.4 1.5 -0.032648
0.5 1.5 -0.033786
0.6 1.5 -0.032482
0.7 1.5 -0.029779
0.8 1.5 -0.027008
0.9 1.5 -0.024424
1 1.5 -0.01914
1.1 1.5 -0.0094836
1.2 1.5 -0.0033261
1.3 1.5 0.003316
1.4 1.5 0.0071863
1.5 1.5 0.01212
1.6 1.5 0.027781
1.7 1.5 0.032192
1.8 1.5 0.036015
1.9 1.5 0.040084
2 1.5 0.040827
-2 1.6 0.011963
-1.9 1.6 0.012052
-1.8 1.6 0.011404
-1.7 1.6 0.012821
-1.6 1.6 0.015225
-1.5 1.6 0.014738
-1.4 1.6 0.011997
-1.3 1.6 0.0098861
-1.2 1.6 0.0050154
-1.1 1.6 0.0024658
-1 1.6 -0.00087749
-0.9 1.6 -0.0048635
-0.8 1.6 -0.0079133
-0.7 1.6 -0.011524
-0.6 1.6 -0.017742
-0.5 1.6 -0.020805
-0.4 1.6 -0.021829
-0.3 1.6 -0.023134
-0.2 1.6 -0.024815
-0.1 1.6 -0.025456
0 1.6 -0.02655
0.1 1.6 -0.029164
0.2 1.6 -0.030097
0.3 1.6 -0.03178
0.4 1.6 -0.032766
0.5 1.6 -0.033195
0.6 1.6 -0.031034
0.7 1.6 -0.027358
0.8 1.6 -0.023451
0.9 1.6 -0.01731
1 1.6 -0.0072457
1.1 1.6 -0.0033676
1.2 1.6 0.0033273
1.3 1.6 0.0099666
1.4 1.6 0.018034
1.5 1.6 0.023945
1.6 1.6 0.034862
1.7 1.6 0.039753
1.8 1.6 0.04311
1.9 1.6 0.045047
2 1.6 0.046983
-2 1.7 0.010722
-1.9 1.7 0.0099665
-1.8 1.7 0.011975
-1.7 1.7 0.014126
-1.6 1.7 0.014595
-1.5 1.7 0.014099
-1.4 1.7 0.011932
-1.3 1.7 0.0082134
-1.2 1.7 0.0062188
-1.1 1.7 0.0010005
-1 1.7 -0.0026584
-0.9 1.7 -0.0064375
-0.8 1.7 -0.012621
-0.7 1.7 -0.015483
-0.6 1.7 -0.02053
-0.5 1.7 -0.023143
-0.4 1.7 -0.024808
-0.3 1.7 -0.0256
-0.2 1.7 -0.026941
-0.1 1.7 -0.027694
0 1.7 -0.029939
0.1 1.7 -0.030585
0.2 1.7 -0.031102
0.3 1.7 -0.033261
0.4 1.7 -0.032496
0.5 1.7 -0.030501
0.6 1.7 -0.02624
0.7 1.7 -0.022924
0.8 1.7 -0.01505
0.9 1.7 -0.0068748
1 1.7 -0.0015527
1.1 1.7 0.0025876
1.2 1.7 0.013769
1.3 1.7 0.020242
1.4 1.7 0.025706
1.5 1.7 0.036825
1.6 1.7 0.041936
1.7 1.7 0.047737
1.8 1.7 0.050832
1.9 1.7 0.056241
2 1.7 0.058214
-2 1.8 0.0090013
-1.9 1.8 0.0095585
-1.8 1.8 0.012003
-1.7 1.8 0.01377
-1.6 1.8 0.013793
-1.5 1.8 0.013131
-1.4 1.8 0.012026
-1.3 1.8 0.0086987
-1.2 1.8 0.004301
-1.1 1.8 0.0011156
-1 1.8 -0.0046307
-0.9 1.8 -0.0090279
-0.8 1.8 -0.012471
-0.7 1.8 -0.016215
-0.6 1.8 -0.020301
-0.5 1.8 -0.023688
-0.4 1.8 -0.026043
-0.3 1.8 -0.027008
-0.2 1.8 -0.02786
-0.1 1.8 -0.030907
0 1.8 -0.030751
0.1 1.8 -0.030875
0.2 1.8 -0.029152
0.3 1.8 -0.029658
0.4 1.8 -0.027844
0.5 1.8 -0.025426
0.6 1.8 -0.018602
0.7 1.8 -0.012898
0.8 1.8 -0.0074554
0.9 1.8 -0.0011887
1 1.8 0.0042715
1.1 1.8 0.014404
1.2 1.8 0.023192
1.3 1.8 0.028971
1.4 1.8 0.037402
1.5 1.8 0.047443
1.6 1.8 0.055509
1.7 1.8 0.058642
1.8 1.8 0.060905
1.9 1.8 0.062619
2 1.8 0.064415
-2 1.9 0.0068491
-1.9 1.9 0.008865
-1.8 1.9 0.012374
-1.7 1.9 0.012741
-1.6 1.9 0.012945
-1.5 1.9 0.012476
-1.4 1.9 0.011341
-1.3 1.9 0.0085099
-1.2 1.9 0.0022667
-1.1 1.9 -0.0017967
-1 1.9 -0.0058488
-0.9 1.9 -0.007888
-0.8 1.9 -0.012156
-0.7 1.9 -0.015353
-0.6 1.9 -0.020375
-0.5 1.9 -0.023889
-0.4 1.9 -0.02628
-0.3 1.9 -0.027273
-0.2 1.9 -0.029526
-0.1 1.9 -0.028707
0 1.9 -0.027972
0.1 1.9 -0.02754
0.2 1.9 -0.024493
0.3 1.9 -0.02458
0.4 1.9 -0.022186
0.5 1.9 -0.018024
0.6 1.9 -0.01268
0.7 1.9 -0.0059057
0.8 1.9 0.00037792
0.9 1.9 0.01087
1 1.9 0.020565
1.1 1.9 0.02755
1.2 1.9 0.033137
1.3 1.9 0.040124
1.4 1.9 0.051043
1.5 1.9 0.055224
1.6 1.9 0.059427
1.7 1.9 0.062216
1.8 1.9 0.064665
1.9 1.9 0.066146
2 1.9 0.068163
-2 2 0.0056835
-1.9 2 0.0091517
-1.8 2 0.011194
-1.7 2 0.012006
-1.6 2 0.012002
-1.5 2 0.010536
-1.4 2 0.0095788
-1.3 2 0.0065519
-1.2 2 -0.00053206
-1.1 2 -0.0035486
-1 2 -0.004074
-0.9 2 -0.008169
-0.8 2 -0.010795
-0.7 2 -0.015816
-0.6 2 -0.017957
-0.5 2 -0.021618
-0.4 2 -0.022656
-0.3 2 -0.025775
-0.2 2 -0.026784
-0.1 2 -0.026363
0 2 -0.025187
0.1 2 -0.022138
0.2 2 -0.020058
0.3 2 -0.014155
0.4 2 -0.010342
0.5 2 -0.0070011
0.6 2 -0.0021956
0.7 2 0.0072608
0.8 2 0.01293
0.9 2 0.022289
1 2 0.029265
1.1 2 0.033789
1.2 2 0.038482
1.3 2 0.043251
1.4 2 0.054167
1.5 2 0.058612
1.6 2 0.063156
1.7 2 0.06541
1.8 2 0.067752
1.9 2 0.068894
2 2 0.06979
