-2 -2 0.012585
-1.9 -2 0.010201
-1.8 -2 0.0047541
-1.7 -2 0.0029263
-1.6 -2 -0.0021718
-1.5 -2 -0.0019051
-1.4 -2 0.00049577
-1.3 -2 0.0036897
-1.2 -2 0.0069856
-1.1 -2 0.011223
-1 -2 0.016618
-0.9 -2 0.021662
-0.8 -2 0.028882
-0.7 -2 0.035367
-0.6 -2 0.041477
-0.5 -2 0.046958
-0.4 -2 0.054296
-0.3 -2 0.064535
-0.2 -2 0.070832
-0.1 -2 0.075363
0 -2 0.081449
0.1 -2 0.083653
0.2 -2 0.081141
0.3 -2 0.079181
0.4 -2 0.072066
0.5 -2 0.064814
0.6 -2 0.060457
0.7 -2 0.055009
0.8 -2 0.050867
0.9 -2 0.044127
1 -2 0.035754
1.1 -2 0.031331
1.2 -2 0.025161
1.3 -2 0.019927
1.4 -2 0.015233
1.5 -2 0.011302
1.6 -2 0.0085703
1.7 -2 0.0071763
1.8 -2 0.0073342
1.9 -2 0.0095373
2 -2 0.010214
-2 -1.9 0.01277
-1.9 -1.9 0.0095385
-1.8 -1.9 0.003396
-1.7 -1.9 0.00058501
-1.6 -1.9 -0.0052502
-1.5 -1.9 -0.0064918
-1.4 -1.9 -0.0056726
-1.3 -1.9 -0.002793
-1.2 -1.9 0.00097337
-1.1 -1.9 0.0058767
-1 -1.9 0.010887
-0.9 -1.9 0.017577
-0.8 -1.9 0.022861
-0.7 -1.9 0.029459
-0.6 -1.9 0.035442
-0.5 -1.9 0.04227
-0.4 -1.9 0.04731
-0.3 -1.9 0.053486
-0.2 -1.9 0.064305
-0.1 -1.9 0.070015
0 -1.9 0.07284
0.1 -1.9 0.073131
0.2 -1.9 0.072094
0.3 -1.9 0.070957
0.4 -1.9 0.064495
0.5 -1.9 0.057259
0.6 -1.9 0.050351
0.7 -1.9 0.042377
0.8 -1.9 0.036255
0.9 -1.9 0.028039
1 -1.9 0.01964
1.1 -1.9 0.012646
1.2 -1.9 0.0059276
1.3 -1.9 0.00047315
1.4 -1.9 -0.0043231
1.5 -1.9 -0.0081916
1.6 -1.9 -0.010278
1.7 -1.9 -0.012134
1.8 -1.9 -0.012671
1.9 -1.9 -0.0069898
2 -1.9 -0.0039878
-2 -1.8 0.0082166
-1.9 -1.8 0.0047981
-1.8 -1.8 -0.0016527
-1.7 -1.8 -0.0065854
-1.6 -1.8 -0.012063
-1.5 -1.8 -0.013867
-1.4 -1.8 -0.013422
-1.3 -1.8 -0.010861
-1.2 -1.8 -0.0086861
-1.1 -1.8 -0.0067314
-1 -1.8 -0.00082106
-0.9 -1.8 0.0054861
-0.8 -1.8 0.01279
-0.7 -1.8 0.020032
-0.6 -1.8 0.026116
-0.5 -1.8 0.028923
-0.4 -1.8 0.032784
-0.3 -1.8 0.037397
-0.2 -1.8 0.042905
-0.1 -1.8 0.05381
0 -1.8 0.055747
0.1 -1.8 0.053363
0.2 -1.8 0.049842
0.3 -1.8 0.049215
0.4 -1.8 0.042366
0.5 -1.8 0.035807
0.6 -1.8 0.027525
0.7 -1.8 0.022357
0.8 -1.8 0.01753
0.9 -1.8 0.0091663
1 -1.8 0.0020245
1.1 -1.8 -0.0018246
1.2 -1.8 -0.0062127
1.3 -1.8 -0.010241
1.4 -1.8 -0.011889
1.5 -1.8 -0.013203
1.6 -1.8 -0.01682
1.7 -1.8 -0.016432
1.8 -1.8 -0.013609
1.9 -1.8 -0.0086573
2 -1.8 -0.0061126
-2 -1.7 0.0065407
-1.9 -1.7 0.003568
-1.8 -1.7 -0.0022624
-1.7 -1.7 -0.0094604
-1.6 -1.7 -0.015673
-1.5 -1.7 -0.020143
-1.4 -1.7 -0.020973
-1.3 -1.7 -0.020643
-1.2 -1.7 -0.019946
-1.1 -1.7 -0.017631
-1 -1.7 -0.01686
-0.9 -1.7 -0.011197
-0.8 -1.7 -0.0041322
-0.7 -1.7 0.0035924
-0.6 -1.7 0.0085875
-0.5 -1.7 0.013155
-0.4 -1.7 0.017443
-0.3 -1.7 0.022446
-0.2 -1.7 0.028237
-0.1 -1.7 0.03867
0 -1.7 0.043803
0.1 -1.7 0.042906
0.2 -1.7 0.04269
0.3 -1.7 0.040317
0.4 -1.7 0.03329
0.5 -1.7 0.023719
0.6 -1.7 0.017926
0.7 -1.7 0.013766
0.8 -1.7 0.0091102
0.9 -1.7 0.0026428
1 -1.7 -0.0030754
1.1 -1.7 -0.006422
1.2 -1.7 -0.010216
1.3 -1.7 -0.013107
1.4 -1.7 -0.015837
1.5 -1.7 -0.01921
1.6 -1.7 -0.018838
1.7 -1.7 -0.019159
1.8 -1.7 -0.016362
1.9 -1.7 -0.011417
2 -1.7 -0.0080544
-2 -1.6 -0.0054204
-1.9 -1.6 -0.0087509
-1.8 -1.6 -0.014976
-1.7 -1.6 -0.02302
-1.6 -1.6 -0.030676
-1.5 -1.6 -0.03206
-1.4 -1.6 -0.031374
-1.3 -1.6 -0.029894
-1.2 -1.6 -0.026761
-1.1 -1.6 -0.023814
-1 -1.6 -0.021458
-0.9 -1.6 -0.015089
-0.8 -1.6 -0.010354
-0.7 -1.6 -0.0034799
-0.6 -1.6 0.00045881
-0.5 -1.6 0.004522
-0.4 -1.6 0.0088068
-0.3 -1.6 0.01421
-0.2 -1.6 0.021112
-0.1 -1.6 0.027644
0 -1.6 0.033617
0.1 -1.6 0.032893
0.2 -1.6 0.030986
0.3 -1.6 0.026441
0.4 -1.6 0.020664
0.5 -1.6 0.01333
0.6 -1.6 0.010074
0.7 -1.6 0.0070525
0.8 -1.6 0.0033237
0.9 -1.6 -0.0033469
1 -1.6 -0.008495
1.1 -1.6 -0.011128
1.2 -1.6 -0.015343
1.3 -1.6 -0.021305
1.4 -1.6 -0.023649
1.5 -1.6 -0.023187
1.6 -1.6 -0.021441
1.7 -1.6 -0.020774
1.8 -1.6 -0.019148
1.9 -1.6 -0.013502
2 -1.6 -0.00845
-2 -1.5 -0.0041209
-1.9 -1.5 -0.0093603
-1.8 -1.5 -0.016121
-1.7 -1.5 -0.023281
-1.6 -1.5 -0.030765
-1.5 -1.5 -0.035558
-1.4 -1.5 -0.035079
-1.3 -1.5 -0.031937
-1.2 -1.5 -0.029753
-1.1 -1.5 -0.027684
-1 -1.5 -0.025254
-0.9 -1.5 -0.021609
-0.8 -1.5 -0.017546
-0.7 -1.5 -0.012224
-0.6 -1.5 -0.0081557
-0.5 -1.5 -0.0039745
-0.4 -1.5 0.00045996
-0.3 -1.5 0.0059538
-0.2 -1.5 0.012035
-0.1 -1.5 0.01486
0 -1.5 0.013666
0.1 -1.5 0.017197
0.2 -1.5 0.01776
0.3 -1.5 0.015386
0.4 -1.5 0.0083787
0.5 -1.5 0.0030468
0.6 -1.5 0.00061183
0.7 -1.5 -0.0011618
0.8 -1.5 -0.0062815
0.9 -1.5 -0.013466
1 -1.5 -0.017421
1.1 -1.5 -0.021146
1.2 -1.5 -0.025108
1.3 -1.5 -0.026939
1.4 -1.5 -0.028786
1.5 -1.5 -0.02921
1.6 -1.5 -0.026483
1.7 -1.5 -0.025562
1.8 -1.5 -0.022531
1.9 -1.5 -0.01568
2 -1.5 -0.011498
-2 -1.4 -0.00037188
-1.9 -1.4 -0.0064831
-1.8 -1.4 -0.013373
-1.7 -1.4 -0.020086
-1.6 -1.4 -0.027911
-1.5 -1.4 -0.032724
-1.4 -1.4 -0.031391
-1.3 -1.4 -0.031528
-1.2 -1.4 -0.030241
-1.1 -1.4 -0.02949
-1 -1.4 -0.029178
-0.9 -1.4 -0.026567
-0.8 -1.4 -0.02301
-0.7 -1.4 -0.017806
-0.6 -1.4 -0.015467
-0.5 -1.4 -0.012687
-0.4 -1.4 -0.0081738
-0.3 -1.4 -0.0041819
-0.2 -1.4 0.00055927
-0.1 -1.4 0.0033976
0 -1.4 0.0024706
0.1 -1.4 0.0027261
0.2 -1.4 0.0046236
0.3 -1.4 0.0024891
0.4 -1.4 -0.0022182
0.5 -1.4 -0.0070576
0.6 -1.4 -0.009097
0.7 -1.4 -0.011291
0.8 -1.4 -0.016671
0.9 -1.4 -0.0225
1 -1.4 -0.028531
1.1 -1.4 -0.029534
1.2 -1.4 -0.031851
1.3 -1.4 -0.031395
1.4 -1.4 -0.031375
1.5 -1.4 -0.029963
1.6 -1.4 -0.02678
1.7 -1.4 -0.024672
1.8 -1.4 -0.020695
1.9 -1.4 -0.015512
2 -1.4 -0.011266
-2 -1.3 0.0043771
-1.9 -1.3 -0.0029593
-1.8 -1.3 -0.011175
-1.7 -1.3 -0.018469
-1.6 -1.3 -0.026082
-1.5 -1.3 -0.028807
-1.4 -1.3 -0.031554
-1.3 -1.3 -0.032716
-1.2 -1.3 -0.032684
-1.1 -1.3 -0.032209
-1 -1.3 -0.03302
-0.9 -1.3 -0.031553
-0.8 -1.3 -0.027897
-0.7 -1.3 -0.023956
-0.6 -1.3 -0.023626
-0.5 -1.3 -0.022619
-0.4 -1.3 -0.0192
-0.3 -1.3 -0.013008
-0.2 -1.3 -0.0073264
-0.1 -1.3 -0.0046936
0 -1.3 -0.0089146
0.1 -1.3 -0.0093433
0.2 -1.3 -0.0058646
0.3 -1.3 -0.0063689
0.4 -1.3 -0.010749
0.5 -1.3 -0.015416
0.6 -1.3 -0.017493
0.7 -1.3 -0.019317
0.8 -1.3 -0.026085
0.9 -1.3 -0.028828
1 -1.3 -0.031088
1.1 -1.3 -0.032441
1.2 -1.3 -0.034173
1.3 -1.3 -0.034098
1.4 -1.3 -0.032146
1.5 -1.3 -0.03017
1.6 -1.3 -0.025867
1.7 -1.3 -0.022686
1.8 -1.3 -0.017331
1.9 -1.3 -0.012522
2 -1.3 -0.0079278
-2 -1.2 0.0067045
-1.9 -1.2 0.0018327
-1.8 -1.2 -0.0061704
-1.7 -1.2 -0.012149
-1.6 -1.2 -0.023229
-1.5 -1.2 -0.026996
-1.4 -1.2 -0.029234
-1.3 -1.2 -0.031594
-1.2 -1.2 -0.032733
-1.1 -1.2 -0.033278
-1 -1.2 -0.034612
-0.9 -1.2 -0.035187
-0.8 -1.2 -0.033009
-0.7 -1.2 -0.029227
-0.6 -1.2 -0.027435
-0.5 -1.2 -0.02547
-0.4 -1.2 -0.02233
-0.3 -1.2 -0.019551
-0.2 -1.2 -0.016445
-0.1 -1.2 -0.01527
0 -1.2 -0.015944
0.1 -1.2 -0.015714
0.2 -1.2 -0.015746
0.3 -1.2 -0.013442
0.4 -1.2 -0.016679
0.5 -1.2 -0.021548
0.6 -1.2 -0.023231
0.7 -1.2 -0.024917
0.8 -1.2 -0.029207
0.9 -1.2 -0.031345
1 -1.2 -0.03297
1.1 -1.2 -0.033682
1.2 -1.2 -0.034272
1.3 -1.2 -0.032993
1.4 -1.2 -0.031033
1.5 -1.2 -0.027495
1.6 -1.2 -0.024506
1.7 -1.2 -0.021952
1.8 -1.2 -0.014435
1.9 -1.2 -0.0091118
2 -1.2 -0.0044208
-2 -1.1 0.015918
-1.9 -1.1 0.0085275
-1.8 -1.1 -0.0014748
-1.7 -1.1 -0.006008
-1.6 -1.1 -0.015162
-1.5 -1.1 -0.020438
-1.4 -1.1 -0.024008
-1.3 -1.1 -0.02797
-1.2 -1.1 -0.032499
-1.1 -1.1 -0.036091
-1 -1.1 -0.037607
-0.9 -1.1 -0.037828
-0.8 -1.1 -0.034602
-0.7 -1.1 -0.031847
-0.6 -1.1 -0.029551
-0.5 -1.1 -0.028366
-0.4 -1.1 -0.027016
-0.3 -1.1 -0.025577
-0.2 -1.1 -0.021714
-0.1 -1.1 -0.019976
0 -1.1 -0.019924
0.1 -1.1 -0.020155
0.2 -1.1 -0.022101
0.3 -1.1 -0.017953
0.4 -1.1 -0.022621
0.5 -1.1 -0.028409
0.6 -1.1 -0.028137
0.7 -1.1 -0.027078
0.8 -1.1 -0.030333
0.9 -1.1 -0.031664
1 -1.1 -0.032316
1.1 -1.1 -0.033132
1.2 -1.1 -0.033646
1.3 -1.1 -0.032366
1.4 -1.1 -0.028884
1.5 -1.1 -0.024912
1.6 -1.1 -0.022094
1.7 -1.1 -0.018838
1.8 -1.1 -0.011483
1.9 -1.1 -0.0069112
2 -1.1 -0.0020058
-2 -1 0.019743
-1.9 -1 0.014325
-1.8 -1 0.0078476
-1.7 -1 0.0020935
-1.6 -1 -0.012104
-1.5 -1 -0.016139
-1.4 -1 -0.021644
-1.3 -1 -0.024626
-1.2 -1 -0.028699
-1.1 -1 -0.034584
-1 -1 -0.037793
-0.9 -1 -0.037907
-0.8 -1 -0.035381
-0.7 -1 -0.032148
-0.6 -1 -0.030789
-0.5 -1 -0.031164
-0.4 -1 -0.031952
-0.3 -1 -0.026784
-0.2 -1 -0.022008
-0.1 -1 -0.022092
0 -1 -0.022064
0.1 -1 -0.023206
0.2 -1 -0.024408
0.3 -1 -0.025376
0.4 -1 -0.02737
0.5 -1 -0.029677
0.6 -1 -0.02869
0.7 -1 -0.027522
0.8 -1 -0.030001
0.9 -1 -0.02925
1 -1 -0.029656
1.1 -1 -0.031067
1.2 -1 -0.030323
1.3 -1 -0.028065
1.4 -1 -0.02558
1.5 -1 -0.021468
1.6 -1 -0.017581
1.7 -1 -0.015453
1.8 -1 -0.0077525
1.9 -1 -0.0028573
2 -1 0.0014751
-2 -0.9 0.025361
-1.9 -0.9 0.023079
-1.8 -0.9 0.016187
-1.7 -0.9 0.0049162
-1.6 -0.9 -0.0065712
-1.5 -0.9 -0.011052
-1.4 -0.9 -0.019254
-1.3 -0.9 -0.023409
-1.2 -0.9 -0.026767
-1.1 -0.9 -0.031418
-1 -0.9 -0.033321
-0.9 -0.9 -0.034776
-0.8 -0.9 -0.034833
-0.7 -0.9 -0.033023
-0.6 -0.9 -0.030814
-0.5 -0.9 -0.031924
-0.4 -0.9 -0.028762
-0.3 -0.9 -0.025247
-0.2 -0.9 -0.020549
-0.1 -0.9 -0.021586
0 -0.9 -0.022847
0.1 -0.9 -0.025016
0.2 -0.9 -0.026618
0.3 -0.9 -0.025366
0.4 -0.9 -0.02742
0.5 -0.9 -0.029558
0.6 -0.9 -0.02763
0.7 -0.9 -0.025879
0.8 -0.9 -0.026391
0.9 -0.9 -0.026874
1 -0.9 -0.026283
1.1 -0.9 -0.026522
1.2 -0.9 -0.024734
1.3 -0.9 -0.022872
1.4 -0.9 -0.021073
1.5 -0.9 -0.016989
1.6 -0.9 -0.012936
1.7 -0.9 -0.009621
1.8 -0.9 -0.0026194
1.9 -0.9 0.0028684
2 -0.9 0.0060102
-2 -0.8 0.028377
-1.9 -0.8 0.022483
-1.8 -0.8 0.01809
-1.7 -0.8 0.011093
-1.6 -0.8 -0.0010831
-1.5 -0.8 -0.0067658
-1.4 -0.8 -0.012415
-1.3 -0.8 -0.015818
-1.2 -0.8 -0.023252
-1.1 -0.8 -0.028537
-1 -0.8 -0.031008
-0.9 -0.8 -0.032925
-0.8 -0.8 -0.03131
-0.7 -0.8 -0.028666
-0.6 -0.8 -0.028478
-0.5 -0.8 -0.028016
-0.4 -0.8 -0.025115
-0.3 -0.8 -0.021039
-0.2 -0.8 -0.017482
-0.1 -0.8 -0.01897
0 -0.8 -0.024254
0.1 -0.8 -0.023679
0.2 -0.8 -0.022104
0.3 -0.8 -0.021845
0.4 -0.8 -0.02629
0.5 -0.8 -0.028229
0.6 -0.8 -0.026566
0.7 -0.8 -0.024923
0.8 -0.8 -0.025694
0.9 -0.8 -0.024409
1 -0.8 -0.022982
1.1 -0.8 -0.022062
1.2 -0.8 -0.020331
1.3 -0.8 -0.01755
1.4 -0.8 -0.014848
1.5 -0.8 -0.011113
1.6 -0.8 -0.0062821
1.7 -0.8 -0.0032873
1.8 -0.8 0.0034878
1.9 -0.8 0.0086792
2 -0.8 0.011294
-2 -0.7 0.029527
-1.9 -0.7 0.024976
-1.8 -0.7 0.020963
-1.7 -0.7 0.017688
-1.6 -0.7 0.0066834
-1.5 -0.7 0.0011254
-1.4 -0.7 -0.0036837
-1.3 -0.7 -0.0072783
-1.2 -0.7 -0.013487
-1.1 -0.7 -0.020289
-1 -0.7 -0.025881
-0.9 -0.7 -0.02789
-0.8 -0.7 -0.028797
-0.7 -0.7 -0.026753
-0.6 -0.7 -0.022275
-0.5 -0.7 -0.020315
-0.4 -0.7 -0.015774
-0.3 -0.7 -0.012055
-0.2 -0.7 -0.012829
-0.1 -0.7 -0.015617
0 -0.7 -0.016789
0.1 -0.7 -0.017488
0.2 -0.7 -0.016849
0.3 -0.7 -0.01837
0.4 -0.7 -0.022964
0.5 -0.7 -0.029255
0.6 -0.7 -0.024697
0.7 -0.7 -0.024371
0.8 -0.7 -0.024601
0.9 -0.7 -0.021321
1 -0.7 -0.017296
1.1 -0.7 -0.017335
1.2 -0.7 -0.014808
1.3 -0.7 -0.012478
1.4 -0.7 -0.0095705
1.5 -0.7 -0.0055487
1.6 -0.7 -0.0010812
1.7 -0.7 0.0021693
1.8 -0.7 0.009563
1.9 -0.7 0.014696
2 -0.7 0.017226
-2 -0.6 0.032293
-1.9 -0.6 0.027915
-1.8 -0.6 0.025727
-1.7 -0.6 0.023855
-1.6 -0.6 0.013944
-1.5 -0.6 0.0095517
-1.4 -0.6 0.0034458
-1.3 -0.6 -0.001033
-1.2 -0.6 -0.0053341
-1.1 -0.6 -0.0096727
-1 -0.6 -0.013845
-0.9 -0.6 -0.019597
-0.8 -0.6 -0.023012
-0.7 -0.6 -0.020621
-0.6 -0.6 -0.016015
-0.5 -0.6 -0.01314
-0.4 -0.6 -0.0087874
-0.3 -0.6 -0.0086079
-0.2 -0.6 -0.0071885
-0.1 -0.6 -0.0090747
0 -0.6 -0.010528
0.1 -0.6 -0.012193
0.2 -0.6 -0.012959
0.3 -0.6 -0.014485
0.4 -0.6 -0.019039
0.5 -0.6 -0.023302
0.6 -0.6 -0.021086
0.7 -0.6 -0.021706
0.8 -0.6 -0.01899
0.9 -0.6 -0.015177
1 -0.6 -0.0094258
1.1 -0.6 -0.0093726
1.2 -0.6 -0.006997
1.3 -0.6 -0.0036666
1.4 -0.6 -0.00040714
1.5 -0.6 0.004175
1.6 -0.6 0.0082894
1.7 -0.6 0.012212
1.8 -0.6 0.020397
1.9 -0.6 0.026456
2 -0.6 0.02997
-2 -0.5 0.036647
-1.9 -0.5 0.032188
-1.8 -0.5 0.031089
-1.7 -0.5 0.028156
-1.6 -0.5 0.019359
-1.5 -0.5 0.01563
-1.4 -0.5 0.010698
-1.3 -0.5 0.0057509
-1.2 -0.5 0.00087424
-1.1 -0.5 -0.0041886
-1 -0.5 -0.0092897
-0.9 -0.5 -0.010575
-0.8 -0.5 -0.0095999
-0.7 -0.5 -0.0089888
-0.6 -0.5 -0.0088293
-0.5 -0.5 -0.0080997
-0.4 -0.5 -0.0037921
-0.3 -0.5 0.0005001
-0.2 -0.5 0.00083867
-0.1 -0.5 0.0011547
0 -0.5 0.0010639
0.1 -0.5 0.0013449
0.2 -0.5 -8.9458e-05
0.3 -0.5 -0.0038949
0.4 -0.5 -0.0090576
0.5 -0.5 -0.012886
0.6 -0.5 -0.014156
0.7 -0.5 -0.010539
0.8 -0.5 -0.0079513
0.9 -0.5 -0.0050081
1 -0.5 -0.0013761
1.1 -0.5 -0.00061299
1.2 -0.5 0.0019556
1.3 -0.5 0.0051881
1.4 -0.5 0.0082422
1.5 -0.5 0.012687
1.6 -0.5 0.016673
1.7 -0.5 0.02
1.8 -0.5 0.02824
1.9 -0.5 0.033372
2 -0.5 0.037364
-2 -0.4 0.04598
-1.9 -0.4 0.042001
-1.8 -0.4 0.039618
-1.7 -0.4 0.036569
-1.6 -0.4 0.029282
-1.5 -0.4 0.023927
-1.4 -0.4 0.020191
-1.3 -0.4 0.016492
-1.2 -0.4 0.010478
-1.1 -0.4 0.0034373
-1 -0.4 0.0010725
-0.9 -0.4 0.00022018
-0.8 -0.4 2.4219e-05
-0.7 -0.4 -0.0010832
-0.6 -0.4 0.00166
-0.5 -0.4 0.0055787
-0.4 -0.4 0.0044652
-0.3 -0.4 0.0069104
-0.2 -0.4 0.0075553
-0.1 -0.4 0.0079276
0 -0.4 0.0083829
0.1 -0.4 0.0085172
0.2 -0.4 0.0082731
0.3 -0.4 0.0069509
0.4 -0.4 0.0019141
0.5 -0.4 -0.0035796
0.6 -0.4 -0.0054467
0.7 -0.4 -0.007448
0.8 -0.4 -0.0018323
0.9 -0.4 -0.00050693
1 -0.4 0.0027869
1.1 -0.4 0.0034143
1.2 -0.4 0.0072561
1.3 -0.4 0.010351
1.4 -0.4 0.014159
1.5 -0.4 0.018277
1.6 -0.4 0.022866
1.7 -0.4 0.02623
1.8 -0.4 0.034719
1.9 -0.4 0.039684
2 -0.4 0.042966
-2 -0.3 0.051314
-1.9 -0.3 0.046446
-1.8 -0.3 0.043267
-1.7 -0.3 0.041191
-1.6 -0.3 0.034985
-1.5 -0.3 0.029395
-1.4 -0.3 0.026295
-1.3 -0.3 0.021603
-1.2 -0.3 0.016226
-1.1 -0.3 0.0098427
-1 -0.3 0.0063657
-0.9 -0.3 0.0054396
-0.8 -0.3 0.003413
-0.7 -0.3 0.0016816
-0.6 -0.3 0.0058918
-0.5 -0.3 0.010411
-0.4 -0.3 0.01325
-0.3 -0.3 0.017462
-0.2 -0.3 0.017908
-0.1 -0.3 0.014796
0 -0.3 0.0148
0.1 -0.3 0.015095
0.2 -0.3 0.014837
0.3 -0.3 0.014556
0.4 -0.3 0.0097688
0.5 -0.3 0.0038564
0.6 -0.3 0.0022478
0.7 -0.3 0.00061828
0.8 -0.3 0.002876
0.9 -0.3 0.0018382
1 -0.3 0.0038786
1.1 -0.3 0.0047518
1.2 -0.3 0.0083456
1.3 -0.3 0.012374
1.4 -0.3 0.017233
1.5 -0.3 0.022074
1.6 -0.3 0.026273
1.7 -0.3 0.031241
1.8 -0.3 0.039779
1.9 -0.3 0.044917
2 -0.3 0.047542
-2 -0.2 0.05143
-1.9 -0.2 0.049233
-1.8 -0.2 0.046656
-1.7 -0.2 0.044482
-1.6 -0.2 0.038712
-1.5 -0.2 0.032069
-1.4 -0.2 0.026223
-1.3 -0.2 0.023407
-1.2 -0.2 0.01899
-1.1 -0.2 0.014446
-1 -0.2 0.0076
-0.9 -0.2 0.0067332
-0.8 -0.2 0.0064073
-0.7 -0.2 0.0054453
-0.6 -0.2 0.0084622
-0.5 -0.2 0.014993
-0.4 -0.2 0.015788
-0.3 -0.2 0.020139
-0.2 -0.2 0.022579
-0.1 -0.2 0.023851
0 -0.2 0.024402
0.1 -0.2 0.022333
0.2 -0.2 0.020704
0.3 -0.2 0.02156
0.4 -0.2 0.016373
0.5 -0.2 0.010818
0.6 -0.2 0.0096533
0.7 -0.2 0.005949
0.8 -0.2 0.0052628
0.9 -0.2 0.0081395
1 -0.2 0.0090909
1.1 -0.2 0.0075873
1.2 -0.2 0.0093713
1.3 -0.2 0.013291
1.4 -0.2 0.01905
1.5 -0.2 0.025122
1.6 -0.2 0.030107
1.7 -0.2 0.036316
1.8 -0.2 0.04452
1.9 -0.2 0.049966
2 -0.2 0.051259
-2 -0.1 0.050293
-1.9 -0.1 0.048185
-1.8 -0.1 0.047283
-1.7 -0.1 0.044847
-1.6 -0.1 0.038879
-1.5 -0.1 0.032154
-1.4 -0.1 0.028311
-1.3 -0.1 0.02451
-1.2 -0.1 0.019804
-1.1 -0.1 0.014559
-1 -0.1 0.011855
-0.9 -0.1 0.0085415
-0.8 -0.1 0.0072132
-0.7 -0.1 0.0071664
-0.6 -0.1 0.011458
-0.5 -0.1 0.015834
-0.4 -0.1 0.019052
-0.3 -0.1 0.022661
-0.2 -0.1 0.024264
-0.1 -0.1 0.025771
0 -0.1 0.028686
0.1 -0.1 0.02935
0.2 -0.1 0.030206
0.3 -0.1 0.029712
0.4 -0.1 0.023992
0.5 -0.1 0.016867
0.6 -0.1 0.013621
0.7 -0.1 0.0093723
0.8 -0.1 0.0090057
0.9 -0.1 0.0087038
1 -0.1 0.012953
1.1 -0.1 0.011617
1.2 -0.1 0.013089
1.3 -0.1 0.016537
1.4 -0.1 0.020834
1.5 -0.1 0.025949
1.6 -0.1 0.032175
1.7 -0.1 0.03973
1.8 -0.1 0.047039
1.9 -0.1 0.051121
2 -0.1 0.049719
-2 0 0.047461
-1.9 0 0.044991
-1.8 0 0.045173
-1.7 0 0.042653
-1.6 0 0.035528
-1.5 0 0.031164
-1.4 0 0.025971
-1.3 0 0.019865
-1.2 0 0.017275
-1.1 0 0.014647
-1 0 0.011538
-0.9 0 0.010066
-0.8 0 0.0087622
-0.7 0 0.0090605
-0.6 0 0.012442
-0.5 0 0.018176
-0.4 0 0.02221
-0.3 0 0.025292
-0.2 0 0.026915
-0.1 0 0.028736
0 0 0.031169
0.1 0 0.033292
0.2 0 0.034123
0.3 0 0.036051
0.4 0 0.031003
0.5 0 0.02204
0.6 0 0.017936
0.7 0 0.01232
0.8 0 0.010861
0.9 0 0.0099157
1 0 0.012588
1.1 0 0.011869
1.2 0 0.013365
1.3 0 0.017466
1.4 0 0.022593
1.5 0 0.025755
1.6 0 0.029595
1.7 0 0.03517
1.8 0 0.04152
1.9 0 0.047496
2 0 0.049097
-2 0.1 0.043762
-1.9 0.1 0.041073
-1.8 0.1 0.039013
-1.7 0.1 0.036234
-1.6 0.1 0.030845
-1.5 0.1 0.024979
-1.4 0.1 0.02284
-1.3 0.1 0.019005
-1.2 0.1 0.01637
-1.1 0.1 0.01428
-1 0.1 0.012415
-0.9 0.1 0.010613
-0.8 0.1 0.010172
-0.7 0.1 0.0094302
-0.6 0.1 0.012042
-0.5 0.1 0.018919
-0.4 0.1 0.024152
-0.3 0.1 0.026339
-0.2 0.1 0.028146
-0.1 0.1 0.030944
0 0.1 0.033702
0.1 0.1 0.035056
0.2 0.1 0.036715
0.3 0.1 0.038352
0.4 0.1 0.034618
0.5 0.1 0.025797
0.6 0.1 0.021122
0.7 0.1 0.014574
0.8 0.1 0.013218
0.9 0.1 0.012927
1 0.1 0.010558
1.1 0.1 0.0078926
1.2 0.1 0.0076554
1.3 0.1 0.010436
1.4 0.1 0.016335
1.5 0.1 0.021528
1.6 0.1 0.026888
1.7 0.1 0.034718
1.8 0.1 0.041888
1.9 0.1 0.046506
2 0.1 0.047359
-2 0.2 0.040997
-1.9 0.2 0.034722
-1.8 0.2 0.033784
-1.7 0.2 0.028913
-1.6 0.2 0.021984
-1.5 0.2 0.020236
-1.4 0.2 0.018069
-1.3 0.2 0.014349
-1.2 0.2 0.013231
-1.1 0.2 0.011614
-1 0.2 0.010192
-0.9 0.2 0.010322
-0.8 0.2 0.0097149
-0.7 0.2 0.009878
-0.6 0.2 0.013873
-0.5 0.2 0.020229
-0.4 0.2 0.026134
-0.3 0.2 0.02772
-0.2 0.2 0.029993
-0.1 0.2 0.033604
0 0.2 0.035401
0.1 0.2 0.037365
0.2 0.2 0.037921
0.3 0.2 0.039483
0.4 0.2 0.034868
0.5 0.2 0.024804
0.6 0.2 0.018379
0.7 0.2 0.012642
0.8 0.2 0.010111
0.9 0.2 0.0055587
1 0.2 0.0052547
1.1 0.2 0.0043439
1.2 0.2 0.007359
1.3 0.2 0.009509
1.4 0.2 0.01268
1.5 0.2 0.019088
1.6 0.2 0.023739
1.7 0.2 0.030655
1.8 0.2 0.039067
1.9 0.2 0.044379
2 0.2 0.04574
-2 0.3 0.034018
-1.9 0.3 0.029876
-1.8 0.3 0.025271
-1.7 0.3 0.020697
-1.6 0.3 0.016961
-1.5 0.3 0.016047
-1.4 0.3 0.011638
-1.3 0.3 0.0073161
-1.2 0.3 0.0053037
-1.1 0.3 0.0040816
-1 0.3 0.0051909
-0.9 0.3 0.0072326
-0.8 0.3 0.0071327
-0.7 0.3 0.0085424
-0.6 0.3 0.015021
-0.5 0.3 0.020075
-0.4 0.3 0.026471
-0.3 0.3 0.029075
-0.2 0.3 0.030614
-0.1 0.3 0.034561
0 0.3 0.035789
0.1 0.3 0.037104
0.2 0.3 0.035198
0.3 0.3 0.033567
0.4 0.3 0.027915
0.5 0.3 0.018536
0.6 0.3 0.012249
0.7 0.3 0.0090808
0.8 0.3 0.0062165
0.9 0.3 0.0050007
1 0.3 0.0038771
1.1 0.3 -0.00031696
1.2 0.3 0.0036031
1.3 0.3 0.0069009
1.4 0.3 0.010639
1.5 0.3 0.015618
1.6 0.3 0.01995
1.7 0.3 0.026425
1.8 0.3 0.033402
1.9 0.3 0.038073
2 0.3 0.040061
-2 0.4 0.026546
-1.9 0.4 0.023121
-1.8 0.4 0.019316
-1.7 0.4 0.016249
-1.6 0.4 0.010683
-1.5 0.4 0.0096472
-1.4 0.4 0.0053728
-1.3 0.4 0.0025334
-1.2 0.4 0.00028382
-1.1 0.4 -0.001432
-1 0.4 -0.0014526
-0.9 0.4 -0.000475
-0.8 0.4 0.00052308
-0.7 0.4 0.0041391
-0.6 0.4 0.012518
-0.5 0.4 0.019298
-0.4 0.4 0.024973
-0.3 0.4 0.027709
-0.2 0.4 0.027767
-0.1 0.4 0.028835
0 0.4 0.030188
0.1 0.4 0.030971
0.2 0.4 0.030661
0.3 0.4 0.029871
0.4 0.4 0.025014
0.5 0.4 0.015608
0.6 0.4 0.008633
0.7 0.4 0.0063148
0.8 0.4 0.0027386
0.9 0.4 0.0025576
1 0.4 0.00031754
1.1 0.4 -0.00103
1.2 0.4 -0.00041725
1.3 0.4 0.0023963
1.4 0.4 0.0057625
1.5 0.4 0.009989
1.6 0.4 0.01568
1.7 0.4 0.023538
1.8 0.4 0.028631
1.9 0.4 0.029989
2 0.4 0.035137
-2 0.5 0.019942
-1.9 0.5 0.015901
-1.8 0.5 0.01268
-1.7 0.5 0.0086809
-1.6 0.5 0.0017858
-1.5 0.5 -0.00028985
-1.4 0.5 -0.0026751
-1.3 0.5 -0.0049668
-1.2 0.5 -0.0072231
-1.1 0.5 -0.0075869
-1 0.5 -0.0068004
-0.9 0.5 -0.0067326
-0.8 0.5 -0.0051663
-0.7 0.5 -0.0014846
-0.6 0.5 0.0030981
-0.5 0.5 0.011197
-0.4 0.5 0.018575
-0.3 0.5 0.020196
-0.2 0.5 0.024073
-0.1 0.5 0.026197
0 0.5 0.02765
0.1 0.5 0.02865
0.2 0.5 0.027243
0.3 0.5 0.026732
0.4 0.5 0.021503
0.5 0.5 0.011411
0.6 0.5 0.0048397
0.7 0.5 0.0019083
0.8 0.5 -0.00077249
0.9 0.5 -0.0013696
1 0.5 -0.0045362
1.1 0.5 -0.0048837
1.2 0.5 -0.0050909
1.3 0.5 -0.0013631
1.4 0.5 0.0024117
1.5 0.5 0.0028779
1.6 0.5 0.0065491
1.7 0.5 0.013433
1.8 0.5 0.018353
1.9 0.5 0.021778
2 0.5 0.025877
-2 0.6 0.01489
-1.9 0.6 0.01126
-1.8 0.6 0.0078346
-1.7 0.6 0.0024726
-1.6 0.6 -0.0044411
-1.5 0.6 -0.0066361
-1.4 0.6 -0.010296
-1.3 0.6 -0.011022
-1.2 0.6 -0.013744
-1.1 0.6 -0.016529
-1 0.6 -0.017801
-0.9 0.6 -0.017139
-0.8 0.6 -0.015026
-0.7 0.6 -0.0092104
-0.6 0.6 -0.0028603
-0.5 0.6 0.0067087
-0.4 0.6 0.012514
-0.3 0.6 0.01535
-0.2 0.6 0.017269
-0.1 0.6 0.020542
0 0.6 0.021664
0.1 0.6 0.020956
0.2 0.6 0.019865
0.3 0.6 0.015859
0.4 0.6 0.010482
0.5 0.6 -0.0004623
0.6 0.6 -0.0087357
0.7 0.6 -0.01226
0.8 0.6 -0.015366
0.9 0.6 -0.017693
1 0.6 -0.021879
1.1 0.6 -0.022033
1.2 0.6 -0.021901
1.3 0.6 -0.019996
1.4 0.6 -0.01406
1.5 0.6 -0.009377
1.6 0.6 -0.0069472
1.7 0.6 -0.004709
1.8 0.6 0.0034883
1.9 0.6 0.0085457
2 0.6 0.014504
-2 0.7 0.0089819
-1.9 0.7 0.0034065
-1.8 0.7 -0.0030694
-1.7 0.7 -0.010153
-1.6 0.7 -0.01768
-1.5 0.7 -0.023944
-1.4 0.7 -0.029497
-1.3 0.7 -0.030466
-1.2 0.7 -0.031375
-1.1 0.7 -0.032717
-1 0.7 -0.032737
-0.9 0.7 -0.030697
-0.8 0.7 -0.027843
-0.7 0.7 -0.019405
-0.6 0.7 -0.014319
-0.5 0.7 -0.0056796
-0.4 0.7 -0.0017702
-0.3 0.7 0.0018412
-0.2 0.7 0.0047433
-0.1 0.7 0.0067767
0 0.7 0.0062206
0.1 0.7 0.0057034
0.2 0.7 0.0049827
0.3 0.7 0.0017007
0.4 0.7 -0.002256
0.5 0.7 -0.011235
0.6 0.7 -0.0157
0.7 0.7 -0.018294
0.8 0.7 -0.01981
0.9 0.7 -0.022082
1 0.7 -0.024867
1.1 0.7 -0.025332
1.2 0.7 -0.025201
1.3 0.7 -0.023153
1.4 0.7 -0.020927
1.5 0.7 -0.014564
1.6 0.7 -0.012867
1.7 0.7 -0.0054554
1.8 0.7 0.0011332
1.9 0.7 0.0056815
2 0.7 0.010465
-2 0.8 -0.0012972
-1.9 0.8 -0.0098082
-1.8 0.8 -0.015479
-1.7 0.8 -0.022037
-1.6 0.8 -0.027733
-1.5 0.8 -0.031459
-1.4 0.8 -0.035644
-1.3 0.8 -0.040114
-1.2 0.8 -0.041665
-1.1 0.8 -0.045558
-1 0.8 -0.042232
-0.9 0.8 -0.039143
-0.8 0.8 -0.034947
-0.7 0.8 -0.027801
-0.6 0.8 -0.022566
-0.5 0.8 -0.013606
-0.4 0.8 -0.0070377
-0.3 0.8 -0.0022534
-0.2 0.8 0.0017423
-0.1 0.8 0.004405
0 0.8 0.0042776
0.1 0.8 0.0040987
0.2 0.8 0.0033651
0.3 0.8 -0.0004901
0.4 0.8 -0.0037625
0.5 0.8 -0.013424
0.6 0.8 -0.018697
0.7 0.8 -0.021842
0.8 0.8 -0.022886
0.9 0.8 -0.026115
1 0.8 -0.030139
1.1 0.8 -0.029947
1.2 0.8 -0.030524
1.3 0.8 -0.027992
1.4 0.8 -0.026611
1.5 0.8 -0.022331
1.6 0.8 -0.017937
1.7 0.8 -0.010157
1.8 0.8 -0.003687
1.9 0.8 0.0035248
2 0.8 0.0091102
-2 0.9 -0.01353
-1.9 0.9 -0.020337
-1.8 0.9 -0.024837
-1.7 0.9 -0.031434
-1.6 0.9 -0.037637
-1.5 0.9 -0.040187
-1.4 0.9 -0.043414
-1.3 0.9 -0.047738
-1.2 0.9 -0.050383
-1.1 0.9 -0.048654
-1 0.9 -0.046864
-0.9 0.9 -0.042225
-0.8 0.9 -0.037627
-0.7 0.9 -0.030922
-0.6 0.9 -0.025493
-0.5 0.9 -0.017118
-0.4 0.9 -0.010883
-0.3 0.9 -0.0037742
-0.2 0.9 -0.00040199
-0.1 0.9 0.0032724
0 0.9 0.0039882
0.1 0.9 0.0025445
0.2 0.9 0.00045926
0.3 0.9 -0.0026948
0.4 0.9 -0.0061135
0.5 0.9 -0.015948
0.6 0.9 -0.020796
0.7 0.9 -0.02315
0.8 0.9 -0.024654
0.9 0.9 -0.028074
1 0.9 -0.032164
1.1 0.9 -0.033978
1.2 0.9 -0.035134
1.3 0.9 -0.034112
1.4 0.9 -0.033869
1.5 0.9 -0.03033
1.6 0.9 -0.02384
1.7 0.9 -0.015597
1.8 0.9 -0.0070165
1.9 0.9 -0.0020906
2 0.9 0.003714
-2 1 -0.010653
-1.9 1 -0.017695
-1.8 1 -0.025149
-1.7 1 -0.031423
-1.6 1 -0.038285
-1.5 1 -0.041323
-1.4 1 -0.045313
-1.3 1 -0.050527
-1.2 1 -0.053826
-1.1 1 -0.050302
-1 1 -0.04725
-0.9 1 -0.044082
-0.8 1 -0.038763
-0.7 1 -0.031539
-0.6 1 -0.026049
-0.5 1 -0.018598
-0.4 1 -0.011132
-0.3 1 -0.0038872
-0.2 1 -0.00076596
-0.1 1 0.002926
0 1 0.0045805
0.1 1 0.0037224
0.2 1 0.0012388
0.3 1 -0.0042146
0.4 1 -0.0084507
0.5 1 -0.018339
0.6 1 -0.02181
0.7 1 -0.024922
0.8 1 -0.027433
0.9 1 -0.029946
1 1 -0.033946
1.1 1 -0.036265
1.2 1 -0.039754
1.3 1 -0.039967
1.4 1 -0.037441
1.5 1 -0.03432
1.6 1 -0.030309
1.7 1 -0.020561
1.8 1 -0.012167
1.9 1 -0.0072992
2 1 -0.00031644
-2 1.1 -0.0060256
-1.9 1.1 -0.013274
-1.8 1.1 -0.019907
-1.7 1.1 -0.028262
-1.6 1.1 -0.036572
-1.5 1.1 -0.042817
-1.4 1.1 -0.04671
-1.3 1.1 -0.051861
-1.2 1.1 -0.052749
-1.1 1.1 -0.050718
-1 1.1 -0.047416
-0.9 1.1 -0.044134
-0.8 1.1 -0.037428
-0.7 1.1 -0.032844
-0.6 1.1 -0.02484
-0.5 1.1 -0.018349
-0.4 1.1 -0.010399
-0.3 1.1 -0.0039429
-0.2 1.1 0.00049492
-0.1 1.1 0.0040666
0 1.1 0.005906
0.1 1.1 0.0060729
0.2 1.1 0.0040623
0.3 1.1 -0.0021789
0.4 1.1 -0.008199
0.5 1.1 -0.018203
0.6 1.1 -0.022194
0.7 1.1 -0.026241
0.8 1.1 -0.028927
0.9 1.1 -0.030127
1 1.1 -0.036237
1.1 1.1 -0.039922
1.2 1.1 -0.042046
1.3 1.1 -0.040847
1.4 1.1 -0.038098
1.5 1.1 -0.034962
1.6 1.1 -0.029878
1.7 1.1 -0.022102
1.8 1.1 -0.012842
1.9 1.1 -0.0075928
2 1.1 -0.00093872
-2 1.2 -0.0030531
-1.9 1.2 -0.0067667
-1.8 1.2 -0.015812
-1.7 1.2 -0.024781
-1.6 1.2 -0.032338
-1.5 1.2 -0.039012
-1.4 1.2 -0.043644
-1.3 1.2 -0.048516
-1.2 1.2 -0.049858
-1.1 1.2 -0.048733
-1 1.2 -0.04587
-0.9 1.2 -0.042297
-0.8 1.2 -0.035521
-0.7 1.2 -0.031743
-0.6 1.2 -0.024635
-0.5 1.2 -0.018381
-0.4 1.2 -0.0096304
-0.3 1.2 -0.002922
-0.2 1.2 0.0020249
-0.1 1.2 0.0073345
0 1.2 0.0084259
0.1 1.2 0.0082669
0.2 1.2 0.0066631
0.3 1.2 0.00072
0.4 1.2 -0.0060432
0.5 1.2 -0.015423
0.6 1.2 -0.019439
0.7 1.2 -0.024831
0.8 1.2 -0.027834
0.9 1.2 -0.029443
1 1.2 -0.03714
1.1 1.2 -0.041403
1.2 1.2 -0.042579
1.3 1.2 -0.04214
1.4 1.2 -0.039421
1.5 1.2 -0.036007
1.6 1.2 -0.028605
1.7 1.2 -0.020241
1.8 1.2 -0.011189
1.9 1.2 -0.0069804
2 1.2 -0.0014013
-2 1.3 0.0035131
-1.9 1.3 -0.0012863
-1.8 1.3 -0.0073763
-1.7 1.3 -0.01668
-1.6 1.3 -0.026696
-1.5 1.3 -0.031973
-1.4 1.3 -0.036465
-1.3 1.3 -0.043112
-1.2 1.3 -0.044186
-1.1 1.3 -0.042315
-1 1.3 -0.039987
-0.9 1.3 -0.03785
-0.8 1.3 -0.031626
-0.7 1.3 -0.027739
-0.6 1.3 -0.020074
-0.5 1.3 -0.014295
-0.4 1.3 -0.0074252
-0.3 1.3 -0.00091266
-0.2 1.3 0.0051051
-0.1 1.3 0.0092632
0 1.3 0.011126
0.1 1.3 0.0104
0.2 1.3 0.0082884
0.3 1.3 0.0031329
0.4 1.3 -0.0029958
0.5 1.3 -0.01402
0.6 1.3 -0.017788
0.7 1.3 -0.022558
0.8 1.3 -0.026269
0.9 1.3 -0.030615
1 1.3 -0.03814
1.1 1.3 -0.041674
1.2 1.3 -0.042228
1.3 1.3 -0.041145
1.4 1.3 -0.037901
1.5 1.3 -0.033497
1.6 1.3 -0.026988
1.7 1.3 -0.019938
1.8 1.3 -0.012056
1.9 1.3 -0.0042604
2 1.3 0.0023394
-2 1.4 0.00786
-1.9 1.4 0.0041301
-1.8 1.4 -0.00081506
-1.7 1.4 -0.0082046
-1.6 1.4 -0.015501
-1.5 1.4 -0.025386
-1.4 1.4 -0.029814
-1.3 1.4 -0.036532
-1.2 1.4 -0.039139
-1.1 1.4 -0.038083
-1 1.4 -0.035338
-0.9 1.4 -0.031721
-0.8 1.4 -0.023842
-0.7 1.4 -0.019283
-0.6 1.4 -0.012765
-0.5 1.4 -0.0084824
-0.4 1.4 -0.0024941
-0.3 1.4 0.0030061
-0.2 1.4 0.0082992
-0.1 1.4 0.012054
0 1.4 0.01464
0.1 1.4 0.014501
0.2 1.4 0.011591
0.3 1.4 0.0062841
0.4 1.4 -0.00050165
0.5 1.4 -0.0099842
0.6 1.4 -0.015656
0.7 1.4 -0.020624
0.8 1.4 -0.024162
0.9 1.4 -0.028695
1 1.4 -0.035287
1.1 1.4 -0.039769
1.2 1.4 -0.041488
1.3 1.4 -0.03936
1.4 1.4 -0.035341
1.5 1.4 -0.029974
1.6 1.4 -0.020697
1.7 1.4 -0.015292
1.8 1.4 -0.0088847
1.9 1.4 -0.0014722
2 1.4 0.003969
-2 1.5 0.01324
-1.9 1.5 0.009003
-1.8 1.5 0.004511
-1.7 1.5 -0.0028338
-1.6 1.5 -0.0081238
-1.5 1.5 -0.014432
-1.4 1.5 -0.021298
-1.3 1.5 -0.029852
-1.2 1.5 -0.034139
-1.1 1.5 -0.034384
-1 1.5 -0.030644
-0.9 1.5 -0.024107
-0.8 1.5 -0.020324
-0.7 1.5 -0.013351
-0.6 1.5 -0.0069757
-0.5 1.5 -0.0003306
-0.4 1.5 0.004192
-0.3 1.5 0.008831
-0.2 1.5 0.012885
-0.1 1.5 0.016196
0 1.5 0.018911
0.1 1.5 0.019701
0.2 1.5 0.019397
0.3 1.5 0.012775
0.4 1.5 0.0063389
0.5 1.5 -0.0030475
0.6 1.5 -0.0082839
0.7 1.5 -0.013955
0.8 1.5 -0.019811
0.9 1.5 -0.024137
1 1.5 -0.029459
1.1 1.5 -0.034725
1.2 1.5 -0.03539
1.3 1.5 -0.035107
1.4 1.5 -0.032123
1.5 1.5 -0.027333
1.6 1.5 -0.016257
1.7 1.5 -0.010551
1.8 1.5 -0.005632
1.9 1.5 -0.001896
2 1.5 0.0053066
-2 1.6 0.018794
-1.9 1.6 0.015046
-1.8 1.6 0.012037
-1.7 1.6 0.0047834
-1.6 1.6 -0.0027679
-1.5 1.6 -0.0078735
-1.4 1.6 -0.013604
-1.3 1.6 -0.019536
-1.2 1.6 -0.026303
-1.1 1.6 -0.026434
-1 1.6 -0.025311
-0.9 1.6 -0.018566
-0.8 1.6 -0.015074
-0.7 1.6 -0.0087873
-0.6 1.6 -0.0020112
-0.5 1.6 0.0038969
-0.4 1.6 0.007827
-0.3 1.6 0.012739
-0.2 1.6 0.017408
-0.1 1.6 0.021846
0 1.6 0.024061
0.1 1.6 0.025362
0.2 1.6 0.024422
0.3 1.6 0.018952
0.4 1.6 0.012361
0.5 1.6 0.0028713
0.6 1.6 -0.0028163
0.7 1.6 -0.0083859
0.8 1.6 -0.012606
0.9 1.6 -0.01635
1 1.6 -0.020318
1.1 1.6 -0.026601
1.2 1.6 -0.02842
1.3 1.6 -0.028051
1.4 1.6 -0.023697
1.5 1.6 -0.019588
1.6 1.6 -0.010214
1.7 1.6 -0.0043518
1.8 1.6 0.00037348
1.9 1.6 0.0033672
2 1.6 0.0055505
-2 1.7 0.02314
-1.9 1.7 0.022796
-1.8 1.7 0.019204
-1.7 1.7 0.010486
-1.6 1.7 0.0040154
-1.5 1.7 -0.00037118
-1.4 1.7 -0.0049174
-1.3 1.7 -0.012543
-1.2 1.7 -0.017742
-1.1 1.7 -0.019035
-1 1.7 -0.016767
-0.9 1.7 -0.0097443
-0.8 1.7 -0.0067282
-0.7 1.7 -0.0032925
-0.6 1.7 0.0021437
-0.5 1.7 0.0071845
-0.4 1.7 0.011223
-0.3 1.7 0.016618
-0.2 1.7 0.020928
-0.1 1.7 0.026163
0 1.7 0.029704
0.1 1.7 0.029739
0.2 1.7 0.030075
0.3 1.7 0.024043
0.4 1.7 0.016738
0.5 1.7 0.0083568
0.6 1.7 0.0035586
0.7 1.7 0.000335
0.8 1.7 -0.0044745
0.9 1.7 -0.0083005
1 1.7 -0.011304
1.1 1.7 -0.016692
1.2 1.7 -0.01821
1.3 1.7 -0.018818
1.4 1.7 -0.01593
1.5 1.7 -0.0093544
1.6 1.7 -0.0021294
1.7 1.7 0.0045984
1.8 1.7 0.0091055
1.9 1.7 0.014727
2 1.7 0.018932
-2 1.8 0.030357
-1.9 1.8 0.028536
-1.8 1.8 0.025281
-1.7 1.8 0.017404
-1.6 1.8 0.01366
-1.5 1.8 0.0088448
-1.4 1.8 0.0049265
-1.3 1.8 -0.0010864
-1.2 1.8 -0.0069363
-1.1 1.8 -0.0057745
-1 1.8 -0.0057393
-0.9 1.8 -0.00075374
-0.8 1.8 0.0017365
-0.7 1.8 0.0070492
-0.6 1.8 0.010916
-0.5 1.8 0.016427
-0.4 1.8 0.018433
-0.3 1.8 0.023011
-0.2 1.8 0.026853
-0.1 1.8 0.032164
0 1.8 0.03538
0.1 1.8 0.035595
0.2 1.8 0.036864
0.3 1.8 0.030224
0.4 1.8 0.026605
0.5 1.8 0.017695
0.6 1.8 0.016595
0.7 1.8 0.014006
0.8 1.8 0.0087755
0.9 1.8 0.0027903
1 1.8 -0.00077916
1.1 1.8 -0.0044646
1.2 1.8 -0.0047198
1.3 1.8 -0.0061703
1.4 1.8 -0.0024121
1.5 1.8 0.0034815
1.6 1.8 0.012201
1.7 1.8 0.017578
1.8 1.8 0.021639
1.9 1.8 0.024011
2 1.8 0.026683
-2 1.9 0.036405
-1.9 1.9 0.033835
-1.8 1.9 0.0298
-1.7 1.9 0.023157
-1.6 1.9 0.019837
-1.5 1.9 0.01764
-1.4 1.9 0.015584
-1.3 1.9 0.010796
-1.2 1.9 0.0040661
-1.1 1.9 0.0051761
-1 1.9 0.0096849
-0.9 1.9 0.013092
-0.8 1.9 0.014289
-0.7 1.9 0.015348
-0.6 1.9 0.019204
-0.5 1.9 0.022301
-0.4 1.9 0.027361
-0.3 1.9 0.031907
-0.2 1.9 0.034957
-0.1 1.9 0.03993
0 1.9 0.04385
0.1 1.9 0.044629
0.2 1.9 0.04373
0.3 1.9 0.036624
0.4 1.9 0.031992
0.5 1.9 0.026446
0.6 1.9 0.023517
0.7 1.9 0.023176
0.8 1.9 0.021019
0.9 1.9 0.01921
1 1.9 0.017384
1.1 1.9 0.014264
1.2 1.9 0.0091235
1.3 1.9 0.0080152
1.4 1.9 0.010768
1.5 1.9 0.012807
1.6 1.9 0.01867
1.7 1.9 0.022571
1.8 1.9 0.026329
1.9 1.9 0.029383
2 1.9 0.03147
-2 2 0.040361
-1.9 2 0.037493
-1.8 2 0.034441
-1.7 2 0.027724
-1.6 2 0.025879
-1.5 2 0.024049
-1.4 2 0.022616
-1.3 2 0.021812
-1.2 2 0.016006
-1.1 2 0.01482
-1 2 0.019006
-0.9 2 0.021271
-0.8 2 0.025371
-0.7 2 0.029592
-0.6 2 0.031058
-0.5 2 0.034143
-0.4 2 0.037548
-0.3 2 0.042108
-0.2 2 0.045224
-0.1 2 0.049287
0 2 0.052714
0.1 2 0.051123
0.2 2 0.04971
0.3 2 0.044754
0.4 2 0.043667
0.5 2 0.037741
0.6 2 0.038019
0.7 2 0.036777
0.8 2 0.035719
0.9 2 0.031222
1 2 0.029676
1.1 2 0.027128
1.2 2 0.021866
1.3 2 0.018558
1.4 2 0.021199
1.5 2 0.021158
1.6 2 0.025707
1.7 2 0.029033
1.8 2 0.032242
1.9 2 0.033921
2 2 0.036003
