-2 -2 -0.020454
-1.9 -2 -0.018319
-1.8 -2 -0.019544
-1.7 -2 -0.016962
-1.6 -2 -0.017413
-1.5 -2 -0.017179
-1.4 -2 -0.016743
-1.3 -2 -0.016712
-1.2 -2 -0.016931
-1.1 -2 -0.016644
-1 -2 -0.016799
-0.9 -2 -0.01763
-0.8 -2 -0.016917
-0.7 -2 -0.017261
-0.6 -2 -0.019246
-0.5 -2 -0.020341
-0.4 -2 -0.020788
-0.3 -2 -0.027784
-0.2 -2 -0.03016
-0.1 -2 -0.030762
0 -2 -0.030166
0.1 -2 -0.032972
0.2 -2 -0.035632
0.3 -2 -0.031585
0.4 -2 -0.028478
0.5 -2 -0.021826
0.6 -2 -0.016161
0.7 -2 -0.010077
0.8 -2 -0.0062614
0.9 -2 -0.0015478
1 -2 0.0059195
1.1 -2 0.012602
1.2 -2 0.023742
1.3 -2 0.03567
1.4 -2 0.045332
1.5 -2 0.055772
1.6 -2 0.064529
1.7 -2 0.070531
1.8 -2 0.074688
1.9 -2 0.077556
2 -2 0.079885
-2 -1.9 -0.020052
-1.9 -1.9 -0.017949
-1.8 -1.9 -0.017194
-1.7 -1.9 -0.015509
-1.6 -1.9 -0.015595
-1.5 -1.9 -0.015124
-1.4 -1.9 -0.014958
-1.3 -1.9 -0.014331
-1.2 -1.9 -0.014202
-1.1 -1.9 -0.014655
-1 -1.9 -0.014518
-0.9 -1.9 -0.014036
-0.8 -1.9 -0.014821
-0.7 -1.9 -0.014563
-0.6 -1.9 -0.013075
-0.5 -1.9 -0.013536
-0.4 -1.9 -0.015702
-0.3 -1.9 -0.018309
-0.2 -1.9 -0.029435
-0.1 -1.9 -0.033418
0 -1.9 -0.034619
0.1 -1.9 -0.03618
0.2 -1.9 -0.037571
0.3 -1.9 -0.036703
0.4 -1.9 -0.035527
0.5 -1.9 -0.027989
0.6 -1.9 -0.02003
0.7 -1.9 -0.01557
0.8 -1.9 -0.0096584
0.9 -1.9 -0.0016699
1 -1.9 0.0041191
1.1 -1.9 0.012415
1.2 -1.9 0.021819
1.3 -1.9 0.035814
1.4 -1.9 0.044402
1.5 -1.9 0.052887
1.6 -1.9 0.064219
1.7 -1.9 0.071484
1.8 -1.9 0.075735
1.9 -1.9 0.078095
2 -1.9 0.080449
-2 -1.8 -0.018612
-1.9 -1.8 -0.016538
-1.8 -1.8 -0.014633
-1.7 -1.8 -0.014785
-1.6 -1.8 -0.013342
-1.5 -1.8 -0.01302
-1.4 -1.8 -0.011558
-1.3 -1.8 -0.010157
-1.2 -1.8 -0.010784
-1.1 -1.8 -0.0098331
-1 -1.8 -0.0081451
-0.9 -1.8 -0.0082052
-0.8 -1.8 -0.0084363
-0.7 -1.8 -0.0087938
-0.6 -1.8 -0.0095918
-0.5 -1.8 -0.010538
-0.4 -1.8 -0.012383
-0.3 -1.8 -0.01424
-0.2 -1.8 -0.019292
-0.1 -1.8 -0.028871
0 -1.8 -0.031613
0.1 -1.8 -0.03427
0.2 -1.8 -0.039329
0.3 -1.8 -0.036546
0.4 -1.8 -0.035837
0.5 -1.8 -0.031183
0.6 -1.8 -0.027461
0.7 -1.8 -0.017376
0.8 -1.8 -0.010311
0.9 -1.8 -0.0027633
1 -1.8 0.0050235
1.1 -1.8 0.011744
1.2 -1.8 0.020019
1.3 -1.8 0.032424
1.4 -1.8 0.041146
1.5 -1.8 0.047994
1.6 -1.8 0.057944
1.7 -1.8 0.06552
1.8 -1.8 0.07458
1.9 -1.8 0.077021
2 -1.8 0.078854
-2 -1.7 -0.016836
-1.9 -1.7 -0.015634
-1.8 -1.7 -0.013659
-1.7 -1.7 -0.011839
-1.6 -1.7 -0.010344
-1.5 -1.7 -0.008729
-1.4 -1.7 -0.0054243
-1.3 -1.7 -0.0028796
-1.2 -1.7 -0.0025826
-1.1 -1.7 -0.0022156
-1 -1.7 -0.0023615
-0.9 -1.7 -0.001857
-0.8 -1.7 -0.0026259
-0.7 -1.7 -0.0038705
-0.6 -1.7 -0.0050578
-0.5 -1.7 -0.005601
-0.4 -1.7 -0.0069645
-0.3 -1.7 -0.0094206
-0.2 -1.7 -0.014389
-0.1 -1.7 -0.02552
0 -1.7 -0.029476
0.1 -1.7 -0.033026
0.2 -1.7 -0.038179
0.3 -1.7 -0.041499
0.4 -1.7 -0.039664
0.5 -1.7 -0.033163
0.6 -1.7 -0.029411
0.7 -1.7 -0.023739
0.8 -1.7 -0.017736
0.9 -1.7 -0.0080487
1 -1.7 -0.0019962
1.1 -1.7 0.0054583
1.2 -1.7 0.016727
1.3 -1.7 0.026637
1.4 -1.7 0.038128
1.5 -1.7 0.044875
1.6 -1.7 0.052076
1.7 -1.7 0.061182
1.8 -1.7 0.069099
1.9 -1.7 0.072843
2 -1.7 0.075204
-2 -1.6 -0.011984
-1.9 -1.6 -0.010722
-1.8 -1.6 -0.0080807
-1.7 -1.6 -0.0050752
-1.6 -1.6 -0.0040983
-1.5 -1.6 -0.00036558
-1.4 -1.6 0.00034916
-1.3 -1.6 0.0014796
-1.2 -1.6 0.0022502
-1.1 -1.6 0.0028505
-1 -1.6 0.0015276
-0.9 -1.6 0.001827
-0.8 -1.6 0.0011191
-0.7 -1.6 -0.00048372
-0.6 -1.6 -0.0016528
-0.5 -1.6 -0.0029969
-0.4 -1.6 -0.004564
-0.3 -1.6 -0.0069547
-0.2 -1.6 -0.0099187
-0.1 -1.6 -0.016739
0 -1.6 -0.027437
0.1 -1.6 -0.032036
0.2 -1.6 -0.035098
0.3 -1.6 -0.039489
0.4 -1.6 -0.040016
0.5 -1.6 -0.037361
0.6 -1.6 -0.03216
0.7 -1.6 -0.028933
0.8 -1.6 -0.022909
0.9 -1.6 -0.015287
1 -1.6 -0.0082072
1.1 -1.6 -0.00015048
1.2 -1.6 0.0085294
1.3 -1.6 0.019234
1.4 -1.6 0.03379
1.5 -1.6 0.041766
1.6 -1.6 0.047742
1.7 -1.6 0.057304
1.8 -1.6 0.066107
1.9 -1.6 0.070231
2 -1.6 0.071517
-2 -1.5 -0.0069992
-1.9 -1.5 -0.0054398
-1.8 -1.5 -0.0035867
-1.7 -1.5 -0.0018479
-1.6 -1.5 -0.00083924
-1.5 -1.5 0.0031244
-1.4 -1.5 0.0039058
-1.3 -1.5 0.0053363
-1.2 -1.5 0.0060431
-1.1 -1.5 0.0057778
-1 -1.5 0.0051618
-0.9 -1.5 0.0051915
-0.8 -1.5 0.0046266
-0.7 -1.5 0.0028029
-0.6 -1.5 0.0016875
-0.5 -1.5 -0.00041704
-0.4 -1.5 -0.0020031
-0.3 -1.5 -0.0043017
-0.2 -1.5 -0.0073254
-0.1 -1.5 -0.012536
0 -1.5 -0.018792
0.1 -1.5 -0.028407
0.2 -1.5 -0.032027
0.3 -1.5 -0.038165
0.4 -1.5 -0.039149
0.5 -1.5 -0.038925
0.6 -1.5 -0.036799
0.7 -1.5 -0.033169
0.8 -1.5 -0.02753
0.9 -1.5 -0.020568
1 -1.5 -0.014092
1.1 -1.5 -0.0078215
1.2 -1.5 0.0031111
1.3 -1.5 0.010646
1.4 -1.5 0.024825
1.5 -1.5 0.037408
1.6 -1.5 0.044135
1.7 -1.5 0.052077
1.8 -1.5 0.059456
1.9 -1.5 0.064625
2 -1.5 0.067883
-2 -1.4 -0.0052934
-1.9 -1.4 -0.0024909
-1.8 -1.4 -0.00060273
-1.7 -1.4 0.00099147
-1.6 -1.4 0.0022563
-1.5 -1.4 0.0057642
-1.4 -1.4 0.010647
-1.3 -1.4 0.010499
-1.2 -1.4 0.011229
-1.1 -1.4 0.010063
-1 -1.4 0.0085405
-0.9 -1.4 0.0077226
-0.8 -1.4 0.0073386
-0.7 -1.4 0.0056871
-0.6 -1.4 0.0047633
-0.5 -1.4 0.0032095
-0.4 -1.4 0.0014285
-0.3 -1.4 1.6699e-05
-0.2 -1.4 -0.0029979
-0.1 -1.4 -0.0082658
0 -1.4 -0.013892
0.1 -1.4 -0.024399
0.2 -1.4 -0.030024
0.3 -1.4 -0.036721
0.4 -1.4 -0.037847
0.5 -1.4 -0.037625
0.6 -1.4 -0.036742
0.7 -1.4 -0.034849
0.8 -1.4 -0.032086
0.9 -1.4 -0.02653
1 -1.4 -0.018684
1.1 -1.4 -0.012966
1.2 -1.4 -0.0061374
1.3 -1.4 0.0015109
1.4 -1.4 0.014991
1.5 -1.4 0.028091
1.6 -1.4 0.036934
1.7 -1.4 0.045381
1.8 -1.4 0.053975
1.9 -1.4 0.059881
2 -1.4 0.062494
-2 -1.3 -0.0016329
-1.9 -1.3 0.00014738
-1.8 -1.3 0.0021877
-1.7 -1.3 0.0030884
-1.6 -1.3 0.0069838
-1.5 -1.3 0.0097748
-1.4 -1.3 0.014939
-1.3 -1.3 0.017247
-1.2 -1.3 0.016044
-1.1 -1.3 0.014988
-1 -1.3 0.012801
-0.9 -1.3 0.010824
-0.8 -1.3 0.010486
-0.7 -1.3 0.0092871
-0.6 -1.3 0.0086112
-0.5 -1.3 0.0077787
-0.4 -1.3 0.0062899
-0.3 -1.3 0.0031911
-0.2 -1.3 -0.00077839
-0.1 -1.3 -0.0044298
0 -1.3 -0.009803
0.1 -1.3 -0.017006
0.2 -1.3 -0.026215
0.3 -1.3 -0.031025
0.4 -1.3 -0.036155
0.5 -1.3 -0.036071
0.6 -1.3 -0.036521
0.7 -1.3 -0.035743
0.8 -1.3 -0.033433
0.9 -1.3 -0.030205
1 -1.3 -0.024145
1.1 -1.3 -0.016386
1.2 -1.3 -0.010977
1.3 -1.3 -0.005034
1.4 -1.3 0.0015917
1.5 -1.3 0.016074
1.6 -1.3 0.02854
1.7 -1.3 0.033953
1.8 -1.3 0.04527
1.9 -1.3 0.053473
2 -1.3 0.057627
-2 -1.2 -0.00059801
-1.9 -1.2 0.0028452
-1.8 -1.2 0.0070087
-1.7 -1.2 0.0094591
-1.6 -1.2 0.011601
-1.5 -1.2 0.014494
-1.4 -1.2 0.017863
-1.3 -1.2 0.020363
-1.2 -1.2 0.020209
-1.1 -1.2 0.019022
-1 -1.2 0.016309
-0.9 -1.2 0.01511
-0.8 -1.2 0.015251
-0.7 -1.2 0.013874
-0.6 -1.2 0.012341
-0.5 -1.2 0.010842
-0.4 -1.2 0.0090993
-0.3 -1.2 0.0064967
-0.2 -1.2 0.0026929
-0.1 -1.2 -0.0011742
0 -1.2 -0.0063833
0.1 -1.2 -0.012302
0.2 -1.2 -0.021757
0.3 -1.2 -0.026067
0.4 -1.2 -0.033245
0.5 -1.2 -0.03428
0.6 -1.2 -0.035793
0.7 -1.2 -0.036396
0.8 -1.2 -0.034781
0.9 -1.2 -0.031433
1 -1.2 -0.028374
1.1 -1.2 -0.023015
1.2 -1.2 -0.016245
1.3 -1.2 -0.0093312
1.4 -1.2 -0.0035308
1.5 -1.2 0.004182
1.6 -1.2 0.016001
1.7 -1.2 0.02152
1.8 -1.2 0.032834
1.9 -1.2 0.041969
2 -1.2 0.049834
-2 -1.1 0.001622
-1.9 -1.1 0.0082741
-1.8 -1.1 0.01033
-1.7 -1.1 0.014369
-1.6 -1.1 0.015974
-1.5 -1.1 0.018851
-1.4 -1.1 0.019644
-1.3 -1.1 0.022
-1.2 -1.1 0.022998
-1.1 -1.1 0.023398
-1 -1.1 0.021327
-0.9 -1.1 0.019481
-0.8 -1.1 0.018772
-0.7 -1.1 0.016873
-0.6 -1.1 0.015522
-0.5 -1.1 0.014024
-0.4 -1.1 0.012045
-0.3 -1.1 0.0085849
-0.2 -1.1 0.0059335
-0.1 -1.1 0.0025007
0 -1.1 -0.0021054
0.1 -1.1 -0.0072926
0.2 -1.1 -0.01577
0.3 -1.1 -0.022021
0.4 -1.1 -0.028873
0.5 -1.1 -0.032495
0.6 -1.1 -0.035144
0.7 -1.1 -0.036167
0.8 -1.1 -0.034352
0.9 -1.1 -0.032446
1 -1.1 -0.029778
1.1 -1.1 -0.026893
1.2 -1.1 -0.021911
1.3 -1.1 -0.0162
1.4 -1.1 -0.0091433
1.5 -1.1 -0.0021654
1.6 -1.1 0.009886
1.7 -1.1 0.016015
1.8 -1.1 0.020835
1.9 -1.1 0.030618
2 -1.1 0.036378
-2 -1 0.0053341
-1.9 -1 0.0090001
-1.8 -1 0.014944
-1.7 -1 0.018911
-1.6 -1 0.017581
-1.5 -1 0.020337
-1.4 -1 0.023391
-1.3 -1 0.026026
-1.2 -1 0.027124
-1.1 -1 0.026054
-1 -1 0.024571
-0.9 -1 0.022664
-0.8 -1 0.021681
-0.7 -1 0.020627
-0.6 -1 0.018783
-0.5 -1 0.017016
-0.4 -1 0.014099
-0.3 -1 0.010921
-0.2 -1 0.0087345
-0.1 -1 0.0055609
0 -1 0.0016208
0.1 -1 -0.0043333
0.2 -1 -0.011147
0.3 -1 -0.015653
0.4 -1 -0.024002
0.5 -1 -0.029098
0.6 -1 -0.03275
0.7 -1 -0.035084
0.8 -1 -0.034285
0.9 -1 -0.033223
1 -1 -0.031424
1.1 -1 -0.028927
1.2 -1 -0.025625
1.3 -1 -0.02024
1.4 -1 -0.016072
1.5 -1 -0.010529
1.6 -1 0.00049008
1.7 -1 0.0096719
1.8 -1 0.015133
1.9 -1 0.021405
2 -1 0.02663
-2 -0.9 0.007651
-1.9 -0.9 0.012471
-1.8 -0.9 0.015663
-1.7 -0.9 0.020794
-1.6 -0.9 0.020952
-1.5 -0.9 0.023825
-1.4 -0.9 0.023788
-1.3 -0.9 0.02529
-1.2 -0.9 0.027969
-1.1 -0.9 0.02768
-1 -0.9 0.027799
-0.9 -0.9 0.026601
-0.8 -0.9 0.024733
-0.7 -0.9 0.023699
-0.6 -0.9 0.022418
-0.5 -0.9 0.019584
-0.4 -0.9 0.015745
-0.3 -0.9 0.013116
-0.2 -0.9 0.011087
-0.1 -0.9 0.0080309
0 -0.9 0.0044459
0.1 -0.9 -0.0012817
0.2 -0.9 -0.0053879
0.3 -0.9 -0.012996
0.4 -0.9 -0.019077
0.5 -0.9 -0.026008
0.6 -0.9 -0.030318
0.7 -0.9 -0.032452
0.8 -0.9 -0.033601
0.9 -0.9 -0.033343
1 -0.9 -0.032399
1.1 -0.9 -0.030298
1.2 -0.9 -0.026709
1.3 -0.9 -0.023946
1.4 -0.9 -0.01896
1.5 -0.9 -0.01559
1.6 -0.9 -0.0088007
1.7 -0.9 0.0026127
1.8 -0.9 0.0088323
1.9 -0.9 0.013205
2 -0.9 0.020124
-2 -0.8 0.011638
-1.9 -0.8 0.013282
-1.8 -0.8 0.01741
-1.7 -0.8 0.020859
-1.6 -0.8 0.022359
-1.5 -0.8 0.023673
-1.4 -0.8 0.026154
-1.3 -0.8 0.027163
-1.2 -0.8 0.027295
-1.1 -0.8 0.027106
-1 -0.8 0.028174
-0.9 -0.8 0.028293
-0.8 -0.8 0.02724
-0.7 -0.8 0.026672
-0.6 -0.8 0.025283
-0.5 -0.8 0.022157
-0.4 -0.8 0.01841
-0.3 -0.8 0.015553
-0.2 -0.8 0.012518
-0.1 -0.8 0.0096258
0 -0.8 0.0061827
0.1 -0.8 0.0021601
0.2 -0.8 -0.0016317
0.3 -0.8 -0.0083416
0.4 -0.8 -0.012683
0.5 -0.8 -0.021525
0.6 -0.8 -0.027229
0.7 -0.8 -0.02915
0.8 -0.8 -0.030525
0.9 -0.8 -0.032314
1 -0.8 -0.031999
1.1 -0.8 -0.030839
1.2 -0.8 -0.028275
1.3 -0.8 -0.026395
1.4 -0.8 -0.022341
1.5 -0.8 -0.018604
1.6 -0.8 -0.014779
1.7 -0.8 -0.006249
1.8 -0.8 -0.00012215
1.9 -0.8 0.0069721
2 -0.8 0.015511
-2 -0.7 0.012743
-1.9 -0.7 0.014013
-1.8 -0.7 0.017392
-1.7 -0.7 0.019242
-1.6 -0.7 0.019415
-1.5 -0.7 0.022629
-1.4 -0.7 0.024709
-1.3 -0.7 0.027378
-1.2 -0.7 0.026687
-1.1 -0.7 0.028654
-1 -0.7 0.026823
-0.9 -0.7 0.027705
-0.8 -0.7 0.026906
-0.7 -0.7 0.027283
-0.6 -0.7 0.02704
-0.5 -0.7 0.024767
-0.4 -0.7 0.021146
-0.3 -0.7 0.017519
-0.2 -0.7 0.013453
-0.1 -0.7 0.009841
0 -0.7 0.007109
0.1 -0.7 0.0056112
0.2 -0.7 0.0026281
0.3 -0.7 -0.0020216
0.4 -0.7 -0.0087798
0.5 -0.7 -0.013864
0.6 -0.7 -0.022627
0.7 -0.7 -0.025077
0.8 -0.7 -0.027005
0.9 -0.7 -0.029474
1 -0.7 -0.03098
1.1 -0.7 -0.030945
1.2 -0.7 -0.030169
1.3 -0.7 -0.028548
1.4 -0.7 -0.026674
1.5 -0.7 -0.022449
1.6 -0.7 -0.01838
1.7 -0.7 -0.012208
1.8 -0.7 -0.0062604
1.9 -0.7 -0.0024073
2 -0.7 0.0067639
-2 -0.6 0.013671
-1.9 -0.6 0.014366
-1.8 -0.6 0.015113
-1.7 -0.6 0.017594
-1.6 -0.6 0.017117
-1.5 -0.6 0.019059
-1.4 -0.6 0.02155
-1.3 -0.6 0.024401
-1.2 -0.6 0.025899
-1.1 -0.6 0.02759
-1 -0.6 0.02796
-0.9 -0.6 0.028584
-0.8 -0.6 0.025631
-0.7 -0.6 0.026602
-0.6 -0.6 0.026678
-0.5 -0.6 0.024235
-0.4 -0.6 0.021224
-0.3 -0.6 0.019225
-0.2 -0.6 0.016944
-0.1 -0.6 0.013899
0 -0.6 0.011147
0.1 -0.6 0.0096607
0.2 -0.6 0.0057934
0.3 -0.6 0.0016569
0.4 -0.6 -0.0032217
0.5 -0.6 -0.0097475
0.6 -0.6 -0.016272
0.7 -0.6 -0.020688
0.8 -0.6 -0.023595
0.9 -0.6 -0.026523
1 -0.6 -0.029823
1.1 -0.6 -0.031267
1.2 -0.6 -0.031811
1.3 -0.6 -0.030769
1.4 -0.6 -0.029408
1.5 -0.6 -0.026991
1.6 -0.6 -0.02285
1.7 -0.6 -0.019017
1.8 -0.6 -0.010959
1.9 -0.6 -0.0082162
2 -0.6 -0.0039582
-2 -0.5 0.011876
-1.9 -0.5 0.012826
-1.8 -0.5 0.01357
-1.7 -0.5 0.014496
-1.6 -0.5 0.014793
-1.5 -0.5 0.015313
-1.4 -0.5 0.017692
-1.3 -0.5 0.020405
-1.2 -0.5 0.022507
-1.1 -0.5 0.023566
-1 -0.5 0.025497
-0.9 -0.5 0.026805
-0.8 -0.5 0.027457
-0.7 -0.5 0.027741
-0.6 -0.5 0.02522
-0.5 -0.5 0.023793
-0.4 -0.5 0.021239
-0.3 -0.5 0.019424
-0.2 -0.5 0.017696
-0.1 -0.5 0.015503
0 -0.5 0.013934
0.1 -0.5 0.013633
0.2 -0.5 0.011121
0.3 -0.5 0.0054128
0.4 -0.5 0.0014463
0.5 -0.5 -0.0046527
0.6 -0.5 -0.0092268
0.7 -0.5 -0.017769
0.8 -0.5 -0.020835
0.9 -0.5 -0.024008
1 -0.5 -0.026932
1.1 -0.5 -0.03001
1.2 -0.5 -0.031266
1.3 -0.5 -0.031946
1.4 -0.5 -0.031787
1.5 -0.5 -0.029851
1.6 -0.5 -0.027855
1.7 -0.5 -0.022327
1.8 -0.5 -0.018031
1.9 -0.5 -0.012106
2 -0.5 -0.0097328
-2 -0.4 0.010006
-1.9 -0.4 0.0096106
-1.8 -0.4 0.0099856
-1.7 -0.4 0.01075
-1.6 -0.4 0.011206
-1.5 -0.4 0.011799
-1.4 -0.4 0.012671
-1.3 -0.4 0.015252
-1.2 -0.4 0.017057
-1.1 -0.4 0.017763
-1 -0.4 0.020406
-0.9 -0.4 0.022565
-0.8 -0.4 0.023895
-0.7 -0.4 0.025641
-0.6 -0.4 0.026865
-0.5 -0.4 0.026728
-0.4 -0.4 0.022334
-0.3 -0.4 0.019699
-0.2 -0.4 0.018172
-0.1 -0.4 0.016595
0 -0.4 0.015237
0.1 -0.4 0.015744
0.2 -0.4 0.015042
0.3 -0.4 0.0099862
0.4 -0.4 0.0073521
0.5 -0.4 0.0020823
0.6 -0.4 -0.0066008
0.7 -0.4 -0.0098619
0.8 -0.4 -0.017567
0.9 -0.4 -0.021107
1 -0.4 -0.024264
1.1 -0.4 -0.02713
1.2 -0.4 -0.02968
1.3 -0.4 -0.031255
1.4 -0.4 -0.031969
1.5 -0.4 -0.031716
1.6 -0.4 -0.03007
1.7 -0.4 -0.026163
1.8 -0.4 -0.021004
1.9 -0.4 -0.015211
2 -0.4 -0.013253
-2 -0.3 0.0081093
-1.9 -0.3 0.0079974
-1.8 -0.3 0.0073008
-1.7 -0.3 0.0071192
-1.6 -0.3 0.0064197
-1.5 -0.3 0.0080052
-1.4 -0.3 0.0082947
-1.3 -0.3 0.009901
-1.2 -0.3 0.011398
-1.1 -0.3 0.012681
-1 -0.3 0.016195
-0.9 -0.3 0.018752
-0.8 -0.3 0.019949
-0.7 -0.3 0.022129
-0.6 -0.3 0.024482
-0.5 -0.3 0.02494
-0.4 -0.3 0.024591
-0.3 -0.3 0.023599
-0.2 -0.3 0.021659
-0.1 -0.3 0.017819
0 -0.3 0.017367
0.1 -0.3 0.017153
0.2 -0.3 0.016936
0.3 -0.3 0.013922
0.4 -0.3 0.011258
0.5 -0.3 0.0084892
0.6 -0.3 0.00031237
0.7 -0.3 -0.003119
0.8 -0.3 -0.012438
0.9 -0.3 -0.017337
1 -0.3 -0.020671
1.1 -0.3 -0.024236
1.2 -0.3 -0.027011
1.3 -0.3 -0.029423
1.4 -0.3 -0.030922
1.5 -0.3 -0.031969
1.6 -0.3 -0.031247
1.7 -0.3 -0.028714
1.8 -0.3 -0.02503
1.9 -0.3 -0.018682
2 -0.3 -0.015199
-2 -0.2 0.0057689
-1.9 -0.2 0.0058678
-1.8 -0.2 0.0040013
-1.7 -0.2 0.0031067
-1.6 -0.2 0.0019695
-1.5 -0.2 0.0028802
-1.4 -0.2 0.0045546
-1.3 -0.2 0.0050368
-1.2 -0.2 0.006098
-1.1 -0.2 0.0073409
-1 -0.2 0.0098524
-0.9 -0.2 0.014913
-0.8 -0.2 0.016381
-0.7 -0.2 0.018354
-0.6 -0.2 0.02211
-0.5 -0.2 0.022382
-0.4 -0.2 0.023113
-0.3 -0.2 0.022771
-0.2 -0.2 0.021905
-0.1 -0.2 0.021474
0 -0.2 0.022072
0.1 -0.2 0.020782
0.2 -0.2 0.018947
0.3 -0.2 0.01765
0.4 -0.2 0.014916
0.5 -0.2 0.012387
0.6 -0.2 0.005881
0.7 -0.2 0.0013702
0.8 -0.2 -0.0035362
0.9 -0.2 -0.012038
1 -0.2 -0.016268
1.1 -0.2 -0.019757
1.2 -0.2 -0.024017
1.3 -0.2 -0.026881
1.4 -0.2 -0.029328
1.5 -0.2 -0.03122
1.6 -0.2 -0.030736
1.7 -0.2 -0.030255
1.8 -0.2 -0.028237
1.9 -0.2 -0.022682
2 -0.2 -0.016619
-2 -0.1 0.00090466
-1.9 -0.1 0.0016639
-1.8 -0.1 0.00030262
-1.7 -0.1 -0.00020912
-1.6 -0.1 -0.0015881
-1.5 -0.1 -0.0028985
-1.4 -0.1 -0.0010354
-1.3 -0.1 0.00035535
-1.2 -0.1 0.0011526
-1.1 -0.1 0.0027253
-1 -0.1 0.0044081
-0.9 -0.1 0.0095246
-0.8 -0.1 0.012956
-0.7 -0.1 0.014887
-0.6 -0.1 0.017577
-0.5 -0.1 0.0194
-0.4 -0.1 0.020429
-0.3 -0.1 0.021101
-0.2 -0.1 0.02168
-0.1 -0.1 0.021891
0 -0.1 0.023151
0.1 -0.1 0.02396
0.2 -0.1 0.0237
0.3 -0.1 0.021847
0.4 -0.1 0.018769
0.5 -0.1 0.015799
0.6 -0.1 0.012047
0.7 -0.1 0.0060629
0.8 -0.1 0.00097767
0.9 -0.1 -0.0039667
1 -0.1 -0.011837
1.1 -0.1 -0.015163
1.2 -0.1 -0.018925
1.3 -0.1 -0.022407
1.4 -0.1 -0.025984
1.5 -0.1 -0.029072
1.6 -0.1 -0.030208
1.7 -0.1 -0.030823
1.8 -0.1 -0.029944
1.9 -0.1 -0.026715
2 -0.1 -0.018817
-2 0 -0.0019394
-1.9 0 -0.0032483
-1.8 0 -0.005103
-1.7 0 -0.0051495
-1.6 0 -0.0060905
-1.5 0 -0.0073417
-1.4 0 -0.006705
-1.3 0 -0.0054305
-1.2 0 -0.0043931
-1.1 0 -0.0027158
-1 0 -0.00012606
-0.9 0 0.0015875
-0.8 0 0.0073709
-0.7 0 0.010626
-0.6 0 0.01275
-0.5 0 0.01578
-0.4 0 0.018274
-0.3 0 0.019298
-0.2 0 0.020412
-0.1 0 0.021937
0 0 0.02377
0.1 0 0.024392
0.2 0 0.025443
0.3 0 0.025981
0.4 0 0.023913
0.5 0 0.019278
0.6 0 0.017833
0.7 0 0.010784
0.8 0 0.0054578
0.9 0 -0.0013866
1 0 -0.0080441
1.1 0 -0.011276
1.2 0 -0.014173
1.3 0 -0.017909
1.4 0 -0.02196
1.5 0 -0.024555
1.6 0 -0.027186
1.7 0 -0.030011
1.8 0 -0.029764
1.9 0 -0.028142
2 0 -0.024435
-2 0.1 -0.004492
-1.9 0.1 -0.0069535
-1.8 0.1 -0.0078921
-1.7 0.1 -0.010565
-1.6 0.1 -0.01185
-1.5 0.1 -0.012125
-1.4 0.1 -0.011714
-1.3 0.1 -0.010198
-1.2 0.1 -0.0095719
-1.1 0.1 -0.0082775
-1 0.1 -0.0062846
-0.9 0.1 -0.0041661
-0.8 0.1 0.00082736
-0.7 0.1 0.0052439
-0.6 0.1 0.0077017
-0.5 0.1 0.011684
-0.4 0.1 0.014754
-0.3 0.1 0.016955
-0.2 0.1 0.018643
-0.1 0.1 0.02177
0 0.1 0.024282
0.1 0.1 0.025063
0.2 0.1 0.026482
0.3 0.1 0.026687
0.4 0.1 0.02696
0.5 0.1 0.024151
0.6 0.1 0.022876
0.7 0.1 0.015504
0.8 0.1 0.0111
0.9 0.1 0.0046985
1 0.1 -0.0008224
1.1 0.1 -0.0078975
1.2 0.1 -0.011091
1.3 0.1 -0.014284
1.4 0.1 -0.018266
1.5 0.1 -0.021612
1.6 0.1 -0.024317
1.7 0.1 -0.026624
1.8 0.1 -0.027241
1.9 0.1 -0.026711
2 0.1 -0.026505
-2 0.2 -0.0072439
-1.9 0.2 -0.010974
-1.8 0.2 -0.01184
-1.7 0.2 -0.014425
-1.6 0.2 -0.01636
-1.5 0.2 -0.017297
-1.4 0.2 -0.018422
-1.3 0.2 -0.017943
-1.2 0.2 -0.01499
-1.1 0.2 -0.013306
-1 0.2 -0.011619
-0.9 0.2 -0.010571
-0.8 0.2 -0.0059058
-0.7 0.2 -9.6038e-05
-0.6 0.2 0.0036425
-0.5 0.2 0.0078775
-0.4 0.2 0.011501
-0.3 0.2 0.015321
-0.2 0.2 0.017327
-0.1 0.2 0.020822
0 0.2 0.023433
0.1 0.2 0.025963
0.2 0.2 0.026812
0.3 0.2 0.027189
0.4 0.2 0.02825
0.5 0.2 0.025292
0.6 0.2 0.024807
0.7 0.2 0.021933
0.8 0.2 0.016388
0.9 0.2 0.0094025
1 0.2 0.0029922
1.1 0.2 -0.00052766
1.2 0.2 -0.0071822
1.3 0.2 -0.011571
1.4 0.2 -0.014858
1.5 0.2 -0.018978
1.6 0.2 -0.021736
1.7 0.2 -0.024337
1.8 0.2 -0.025818
1.9 0.2 -0.025622
2 0.2 -0.023995
-2 0.3 -0.0069802
-1.9 0.3 -0.012016
-1.8 0.3 -0.015962
-1.7 0.3 -0.018802
-1.6 0.3 -0.020512
-1.5 0.3 -0.021143
-1.4 0.3 -0.022185
-1.3 0.3 -0.023025
-1.2 0.3 -0.022664
-1.1 0.3 -0.021573
-1 0.3 -0.017593
-0.9 0.3 -0.015314
-0.8 0.3 -0.012752
-0.7 0.3 -0.0057452
-0.6 0.3 -0.0018468
-0.5 0.3 0.0041386
-0.4 0.3 0.0078698
-0.3 0.3 0.011678
-0.2 0.3 0.015377
-0.1 0.3 0.020096
0 0.3 0.02271
0.1 0.3 0.026074
0.2 0.3 0.027743
0.3 0.3 0.027487
0.4 0.3 0.028826
0.5 0.3 0.026917
0.6 0.3 0.026684
0.7 0.3 0.024468
0.8 0.3 0.019105
0.9 0.3 0.014629
1 0.3 0.0087394
1.1 0.3 0.0026764
1.2 0.3 -0.0046188
1.3 0.3 -0.0091053
1.4 0.3 -0.011823
1.5 0.3 -0.015024
1.6 0.3 -0.020123
1.7 0.3 -0.022277
1.8 0.3 -0.023306
1.9 0.3 -0.024228
2 0.3 -0.022911
-2 0.4 -0.0057213
-1.9 0.4 -0.013434
-1.8 0.4 -0.018293
-1.7 0.4 -0.021405
-1.6 0.4 -0.024505
-1.5 0.4 -0.025042
-1.4 0.4 -0.026608
-1.3 0.4 -0.027453
-1.2 0.4 -0.027349
-1.1 0.4 -0.026642
-1 0.4 -0.024415
-0.9 0.4 -0.022529
-0.8 0.4 -0.01952
-0.7 0.4 -0.014063
-0.6 0.4 -0.0077382
-0.5 0.4 -0.001587
-0.4 0.4 0.0037627
-0.3 0.4 0.008266
-0.2 0.4 0.013256
-0.1 0.4 0.018622
0 0.4 0.022589
0.1 0.4 0.025779
0.2 0.4 0.027594
0.3 0.4 0.0282
0.4 0.4 0.029683
0.5 0.4 0.029459
0.6 0.4 0.028532
0.7 0.4 0.026933
0.8 0.4 0.02274
0.9 0.4 0.017561
1 0.4 0.013644
1.1 0.4 0.0082516
1.2 0.4 0.0041476
1.3 0.4 -0.0057472
1.4 0.4 -0.0097868
1.5 0.4 -0.012934
1.6 0.4 -0.016556
1.7 0.4 -0.019261
1.8 0.4 -0.020787
1.9 0.4 -0.021214
2 0.4 -0.024069
-2 0.5 -0.0052307
-1.9 0.5 -0.013608
-1.8 0.5 -0.019792
-1.7 0.5 -0.023179
-1.6 0.5 -0.028108
-1.5 0.5 -0.029344
-1.4 0.5 -0.030551
-1.3 0.5 -0.031594
-1.2 0.5 -0.032196
-1.1 0.5 -0.031979
-1 0.5 -0.029173
-0.9 0.5 -0.027563
-0.8 0.5 -0.025058
-0.7 0.5 -0.023388
-0.6 0.5 -0.015414
-0.5 0.5 -0.0091721
-0.4 0.5 -0.0024002
-0.3 0.5 0.0046418
-0.2 0.5 0.011211
-0.1 0.5 0.017252
0 0.5 0.021886
0.1 0.5 0.025023
0.2 0.5 0.027081
0.3 0.5 0.028451
0.4 0.5 0.030802
0.5 0.5 0.031117
0.6 0.5 0.029781
0.7 0.5 0.02884
0.8 0.5 0.024749
0.9 0.5 0.020131
1 0.5 0.016572
1.1 0.5 0.010469
1.2 0.5 0.006384
1.3 0.5 0.0011707
1.4 0.5 -0.0039774
1.5 0.5 -0.010448
1.6 0.5 -0.013594
1.7 0.5 -0.017952
1.8 0.5 -0.019387
1.9 0.5 -0.018389
2 0.5 -0.019932
-2 0.6 -0.0025309
-1.9 0.6 -0.0094343
-1.8 0.6 -0.018693
-1.7 0.6 -0.024131
-1.6 0.6 -0.029967
-1.5 0.6 -0.032045
-1.4 0.6 -0.034175
-1.3 0.6 -0.034742
-1.2 0.6 -0.036102
-1.1 0.6 -0.036511
-1 0.6 -0.034874
-0.9 0.6 -0.032456
-0.8 0.6 -0.02877
-0.7 0.6 -0.027601
-0.6 0.6 -0.022946
-0.5 0.6 -0.016186
-0.4 0.6 -0.0089684
-0.3 0.6 -0.0018748
-0.2 0.6 0.0082652
-0.1 0.6 0.014872
0 0.6 0.020063
0.1 0.6 0.022975
0.2 0.6 0.025383
0.3 0.6 0.028221
0.4 0.6 0.030885
0.5 0.6 0.033341
0.6 0.6 0.031015
0.7 0.6 0.029825
0.8 0.6 0.026683
0.9 0.6 0.023654
1 0.6 0.018944
1.1 0.6 0.01409
1.2 0.6 0.0085058
1.3 0.6 0.0052854
1.4 0.6 -0.0018285
1.5 0.6 -0.0055669
1.6 0.6 -0.0086737
1.7 0.6 -0.015686
1.8 0.6 -0.018759
1.9 0.6 -0.018174
2 0.6 -0.01985
-2 0.7 -0.00030363
-1.9 0.7 -0.0069135
-1.8 0.7 -0.016187
-1.7 0.7 -0.024688
-1.6 0.7 -0.029483
-1.5 0.7 -0.034265
-1.4 0.7 -0.037488
-1.3 0.7 -0.039219
-1.2 0.7 -0.040608
-1.1 0.7 -0.04053
-1 0.7 -0.039868
-0.9 0.7 -0.037158
-0.8 0.7 -0.033594
-0.7 0.7 -0.03165
-0.6 0.7 -0.028294
-0.5 0.7 -0.020848
-0.4 0.7 -0.014019
-0.3 0.7 -0.0072658
-0.2 0.7 0.0020665
-0.1 0.7 0.011583
0 0.7 0.016779
0.1 0.7 0.020526
0.2 0.7 0.024095
0.3 0.7 0.027122
0.4 0.7 0.030359
0.5 0.7 0.033159
0.6 0.7 0.033011
0.7 0.7 0.030507
0.8 0.7 0.02893
0.9 0.7 0.025513
1 0.7 0.021478
1.1 0.7 0.017545
1.2 0.7 0.010458
1.3 0.7 0.0070202
1.4 0.7 0.0038008
1.5 0.7 -0.0038853
1.6 0.7 -0.0072818
1.7 0.7 -0.011077
1.8 0.7 -0.014148
1.9 0.7 -0.020021
2 0.7 -0.019703
-2 0.8 0.0056325
-1.9 0.8 -0.0043618
-1.8 0.8 -0.012332
-1.7 0.8 -0.021323
-1.6 0.8 -0.029089
-1.5 0.8 -0.034541
-1.4 0.8 -0.038753
-1.3 0.8 -0.041997
-1.2 0.8 -0.044294
-1.1 0.8 -0.044754
-1 0.8 -0.043018
-0.9 0.8 -0.040863
-0.8 0.8 -0.03713
-0.7 0.8 -0.034049
-0.6 0.8 -0.030912
-0.5 0.8 -0.024843
-0.4 0.8 -0.017803
-0.3 0.8 -0.0090849
-0.2 0.8 -0.0012147
-0.1 0.8 0.0064314
0 0.8 0.011771
0.1 0.8 0.017613
0.2 0.8 0.021726
0.3 0.8 0.026103
0.4 0.8 0.029443
0.5 0.8 0.033034
0.6 0.8 0.033395
0.7 0.8 0.03202
0.8 0.8 0.030676
0.9 0.8 0.02737
1 0.8 0.023806
1.1 0.8 0.019038
1.2 0.8 0.013337
1.3 0.8 0.0079399
1.4 0.8 0.0047144
1.5 0.8 -0.0019223
1.6 0.8 -0.0061405
1.7 0.8 -0.010166
1.8 0.8 -0.013232
1.9 0.8 -0.016808
2 0.8 -0.016455
-2 0.9 0.01094
-1.9 0.9 0.00019625
-1.8 0.9 -0.0072926
-1.7 0.9 -0.017844
-1.6 0.9 -0.02706
-1.5 0.9 -0.033507
-1.4 0.9 -0.039001
-1.3 0.9 -0.042931
-1.2 0.9 -0.045897
-1.1 0.9 -0.04664
-1 0.9 -0.046796
-0.9 0.9 -0.044834
-0.8 0.9 -0.040619
-0.7 0.9 -0.036799
-0.6 0.9 -0.033057
-0.5 0.9 -0.029484
-0.4 0.9 -0.021247
-0.3 0.9 -0.011811
-0.2 0.9 -0.0035077
-0.1 0.9 0.0026647
0 0.9 0.0080418
0.1 0.9 0.012164
0.2 0.9 0.017754
0.3 0.9 0.023784
0.4 0.9 0.028248
0.5 0.9 0.032356
0.6 0.9 0.033577
0.7 0.9 0.03343
0.8 0.9 0.032403
0.9 0.9 0.028699
1 0.9 0.025221
1.1 0.9 0.020432
1.2 0.9 0.016354
1.3 0.9 0.0089945
1.4 0.9 0.0043388
1.5 0.9 0.0011465
1.6 0.9 -0.0056647
1.7 0.9 -0.0099378
1.8 0.9 -0.015694
1.9 0.9 -0.016865
2 0.9 -0.016029
-2 1 0.020629
-1.9 1 0.0087266
-1.8 1 -0.0034843
-1.7 1 -0.011264
-1.6 1 -0.023763
-1.5 1 -0.029338
-1.4 1 -0.037074
-1.3 1 -0.043096
-1.2 1 -0.046559
-1.1 1 -0.047502
-1 1 -0.048288
-0.9 1 -0.047542
-0.8 1 -0.045923
-0.7 1 -0.040044
-0.6 1 -0.035285
-0.5 1 -0.031208
-0.4 1 -0.02269
-0.3 1 -0.013411
-0.2 1 -0.0068167
-0.1 1 -0.00068497
0 1 0.005313
0.1 1 0.0098578
0.2 1 0.014973
0.3 1 0.02081
0.4 1 0.025418
0.5 1 0.030936
0.6 1 0.033178
0.7 1 0.033919
0.8 1 0.032167
0.9 1 0.029162
1 1 0.026476
1.1 1 0.022278
1.2 1 0.017035
1.3 1 0.010405
1.4 1 0.0047069
1.5 1 0.00095885
1.6 1 -0.002335
1.7 1 -0.010215
1.8 1 -0.015565
1.9 1 -0.017218
2 1 -0.016328
-2 1.1 0.029125
-1.9 1.1 0.017423
-1.8 1.1 0.0072987
-1.7 1.1 -0.0042364
-1.6 1.1 -0.01756
-1.5 1.1 -0.026821
-1.4 1.1 -0.033518
-1.3 1.1 -0.041391
-1.2 1.1 -0.046031
-1.1 1.1 -0.047274
-1 1.1 -0.048777
-0.9 1.1 -0.048429
-0.8 1.1 -0.047899
-0.7 1.1 -0.044724
-0.6 1.1 -0.038084
-0.5 1.1 -0.032508
-0.4 1.1 -0.025312
-0.3 1.1 -0.015407
-0.2 1.1 -0.0092007
-0.1 1.1 -0.0029039
0 1.1 0.0029467
0.1 1.1 0.0075417
0.2 1.1 0.01359
0.3 1.1 0.019144
0.4 1.1 0.023816
0.5 1.1 0.027872
0.6 1.1 0.031078
0.7 1.1 0.032372
0.8 1.1 0.031531
0.9 1.1 0.029507
1 1.1 0.025792
1.1 1.1 0.023078
1.2 1.1 0.017238
1.3 1.1 0.013125
1.4 1.1 0.0061926
1.5 1.1 0.0016876
1.6 1.1 -0.0023912
1.7 1.1 -0.0091096
1.8 1.1 -0.014622
1.9 1.1 -0.016975
2 1.1 -0.015834
-2 1.2 0.034292
-1.9 1.2 0.029937
-1.8 1.2 0.015403
-1.7 1.2 0.0032822
-1.6 1.2 -0.0063511
-1.5 1.2 -0.020436
-1.4 1.2 -0.030005
-1.3 1.2 -0.037069
-1.2 1.2 -0.043981
-1.1 1.2 -0.046509
-1 1.2 -0.048337
-0.9 1.2 -0.048474
-0.8 1.2 -0.048665
-0.7 1.2 -0.046502
-0.6 1.2 -0.041511
-0.5 1.2 -0.034966
-0.4 1.2 -0.025527
-0.3 1.2 -0.016834
-0.2 1.2 -0.0099613
-0.1 1.2 -0.0047927
0 1.2 0.00097386
0.1 1.2 0.0065707
0.2 1.2 0.011714
0.3 1.2 0.016942
0.4 1.2 0.022865
0.5 1.2 0.026933
0.6 1.2 0.02963
0.7 1.2 0.03112
0.8 1.2 0.029948
0.9 1.2 0.028572
1 1.2 0.025333
1.1 1.2 0.022464
1.2 1.2 0.017779
1.3 1.2 0.013288
1.4 1.2 0.0065959
1.5 1.2 0.0019074
1.6 1.2 -0.0025914
1.7 1.2 -0.0083819
1.8 1.2 -0.014486
1.9 1.2 -0.016386
2 1.2 -0.01629
-2 1.3 0.040917
-1.9 1.3 0.035446
-1.8 1.3 0.028424
-1.7 1.3 0.017001
-1.6 1.3 0.00089002
-1.5 1.3 -0.0093923
-1.4 1.3 -0.022222
-1.3 1.3 -0.033005
-1.2 1.3 -0.038602
-1.1 1.3 -0.042692
-1 1.3 -0.045176
-0.9 1.3 -0.046359
-0.8 1.3 -0.047654
-0.7 1.3 -0.0457
-0.6 1.3 -0.041502
-0.5 1.3 -0.034139
-0.4 1.3 -0.026639
-0.3 1.3 -0.019415
-0.2 1.3 -0.010549
-0.1 1.3 -0.0053084
0 1.3 -0.0010506
0.1 1.3 0.0050634
0.2 1.3 0.00983
0.3 1.3 0.014926
0.4 1.3 0.020021
0.5 1.3 0.02515
0.6 1.3 0.027935
0.7 1.3 0.028897
0.8 1.3 0.029166
0.9 1.3 0.026704
1 1.3 0.023176
1.1 1.3 0.020613
1.2 1.3 0.017738
1.3 1.3 0.012416
1.4 1.3 0.0075034
1.5 1.3 0.0018637
1.6 1.3 -0.0033537
1.7 1.3 -0.0091472
1.8 1.3 -0.011098
1.9 1.3 -0.016771
2 1.3 -0.017945
-2 1.4 0.045153
-1.9 1.4 0.041208
-1.8 1.4 0.035555
-1.7 1.4 0.028458
-1.6 1.4 0.016441
-1.5 1.4 -0.0025068
-1.4 1.4 -0.012102
-1.3 1.4 -0.025268
-1.2 1.4 -0.032949
-1.1 1.4 -0.038929
-1 1.4 -0.042513
-0.9 1.4 -0.043043
-0.8 1.4 -0.044068
-0.7 1.4 -0.04267
-0.6 1.4 -0.040315
-0.5 1.4 -0.03264
-0.4 1.4 -0.026227
-0.3 1.4 -0.020889
-0.2 1.4 -0.012656
-0.1 1.4 -0.006268
0 1.4 -0.0013128
0.1 1.4 0.0033257
0.2 1.4 0.0087335
0.3 1.4 0.013577
0.4 1.4 0.018472
0.5 1.4 0.022026
0.6 1.4 0.025468
0.7 1.4 0.026319
0.8 1.4 0.026125
0.9 1.4 0.02487
1 1.4 0.022822
1.1 1.4 0.018535
1.2 1.4 0.015554
1.3 1.4 0.011028
1.4 1.4 0.0069128
1.5 1.4 0.0012722
1.6 1.4 -0.0063405
1.7 1.4 -0.010109
1.8 1.4 -0.012907
1.9 1.4 -0.018069
2 1.4 -0.019097
-2 1.5 0.051193
-1.9 1.5 0.046465
-1.8 1.5 0.0417
-1.7 1.5 0.032649
-1.6 1.5 0.025665
-1.5 1.5 0.014972
-1.4 1.5 -0.0011091
-1.3 1.5 -0.01635
-1.2 1.5 -0.025325
-1.1 1.5 -0.031587
-1 1.5 -0.037865
-0.9 1.5 -0.040548
-0.8 1.5 -0.040591
-0.7 1.5 -0.039957
-0.6 1.5 -0.037578
-0.5 1.5 -0.031677
-0.4 1.5 -0.02561
-0.3 1.5 -0.020415
-0.2 1.5 -0.014393
-0.1 1.5 -0.0079356
0 1.5 -0.0021219
0.1 1.5 0.0028985
0.2 1.5 0.0077442
0.3 1.5 0.013466
0.4 1.5 0.01797
0.5 1.5 0.021585
0.6 1.5 0.023798
0.7 1.5 0.024496
0.8 1.5 0.02337
0.9 1.5 0.022735
1 1.5 0.020647
1.1 1.5 0.016379
1.2 1.5 0.014471
1.3 1.5 0.011084
1.4 1.5 0.0050861
1.5 1.5 -0.0003877
1.6 1.5 -0.0081561
1.7 1.5 -0.011835
1.8 1.5 -0.014148
1.9 1.5 -0.015958
2 1.5 -0.02032
-2 1.6 0.056405
-1.9 1.6 0.05227
-1.8 1.6 0.046909
-1.7 1.6 0.03994
-1.6 1.6 0.032184
-1.5 1.6 0.023264
-1.4 1.6 0.010289
-1.3 1.6 -0.00062809
-1.2 1.6 -0.015809
-1.1 1.6 -0.021628
-1 1.6 -0.028886
-0.9 1.6 -0.036085
-0.8 1.6 -0.037261
-0.7 1.6 -0.037929
-0.6 1.6 -0.035068
-0.5 1.6 -0.030732
-0.4 1.6 -0.026199
-0.3 1.6 -0.020677
-0.2 1.6 -0.015708
-0.1 1.6 -0.0085756
0 1.6 -0.0030687
0.1 1.6 0.0021661
0.2 1.6 0.0060336
0.3 1.6 0.012248
0.4 1.6 0.017162
0.5 1.6 0.020493
0.6 1.6 0.022633
0.7 1.6 0.02295
0.8 1.6 0.02189
0.9 1.6 0.021265
1 1.6 0.01796
1.1 1.6 0.01374
1.2 1.6 0.011678
1.3 1.6 0.01082
1.4 1.6 0.0056528
1.5 1.6 0.00020248
1.6 1.6 -0.0094333
1.7 1.6 -0.01391
1.8 1.6 -0.015234
1.9 1.6 -0.016674
2 1.6 -0.017084
-2 1.7 0.059769
-1.9 1.7 0.057241
-1.8 1.7 0.053085
-1.7 1.7 0.046035
-1.6 1.7 0.038871
-1.5 1.7 0.032695
-1.4 1.7 0.022932
-1.3 1.7 0.0079008
-1.2 1.7 -0.00025285
-1.1 1.7 -0.013169
-1 1.7 -0.020164
-0.9 1.7 -0.025392
-0.8 1.7 -0.031869
-0.7 1.7 -0.033606
-0.6 1.7 -0.031935
-0.5 1.7 -0.029746
-0.4 1.7 -0.02644
-0.3 1.7 -0.020976
-0.2 1.7 -0.016279
-0.1 1.7 -0.0094107
0 1.7 -0.0036102
0.1 1.7 0.00067459
0.2 1.7 0.0054046
0.3 1.7 0.010837
0.4 1.7 0.015959
0.5 1.7 0.019048
0.6 1.7 0.020086
0.7 1.7 0.020907
0.8 1.7 0.019615
0.9 1.7 0.018844
1 1.7 0.016548
1.1 1.7 0.012151
1.2 1.7 0.0080164
1.3 1.7 0.0061927
1.4 1.7 0.0049984
1.5 1.7 -0.0019416
1.6 1.7 -0.0090206
1.7 1.7 -0.013578
1.8 1.7 -0.017014
1.9 1.7 -0.019276
2 1.7 -0.019053
-2 1.8 0.062229
-1.9 1.8 0.0597
-1.8 1.8 0.057122
-1.7 1.8 0.052636
-1.6 1.8 0.04711
-1.5 1.8 0.040339
-1.4 1.8 0.032751
-1.3 1.8 0.018885
-1.2 1.8 0.007688
-1.1 1.8 0.0020493
-1 1.8 -0.010981
-0.9 1.8 -0.017951
-0.8 1.8 -0.021765
-0.7 1.8 -0.025471
-0.6 1.8 -0.025155
-0.5 1.8 -0.0249
-0.4 1.8 -0.025137
-0.3 1.8 -0.019956
-0.2 1.8 -0.015784
-0.1 1.8 -0.011023
0 1.8 -0.0045006
0.1 1.8 0.00024158
0.2 1.8 0.0038958
0.3 1.8 0.0094611
0.4 1.8 0.014212
0.5 1.8 0.017258
0.6 1.8 0.018263
0.7 1.8 0.019173
0.8 1.8 0.017969
0.9 1.8 0.017097
1 1.8 0.016056
1.1 1.8 0.010315
1.2 1.8 0.0061445
1.3 1.8 0.0041009
1.4 1.8 0.0021393
1.5 1.8 -0.0048537
1.6 1.8 -0.0092885
1.7 1.8 -0.014135
1.8 1.8 -0.017544
1.9 1.8 -0.0197
2 1.8 -0.020759
-2 1.9 0.06541
-1.9 1.9 0.062806
-1.8 1.9 0.060139
-1.7 1.9 0.056048
-1.6 1.9 0.051027
-1.5 1.9 0.046943
-1.4 1.9 0.04206
-1.3 1.9 0.031914
-1.2 1.9 0.01684
-1.1 1.9 0.0086086
-1 1.9 0.00070296
-0.9 1.9 -0.0049661
-0.8 1.9 -0.010123
-0.7 1.9 -0.015904
-0.6 1.9 -0.018047
-0.5 1.9 -0.020577
-0.4 1.9 -0.019711
-0.3 1.9 -0.016937
-0.2 1.9 -0.014017
-0.1 1.9 -0.010793
0 1.9 -0.005186
0.1 1.9 -0.00081744
0.2 1.9 0.0029423
0.3 1.9 0.008524
0.4 1.9 0.011514
0.5 1.9 0.013747
0.6 1.9 0.015319
0.7 1.9 0.015808
0.8 1.9 0.015587
0.9 1.9 0.01485
1 1.9 0.013542
1.1 1.9 0.0098089
1.2 1.9 0.0041846
1.3 1.9 0.0012079
1.4 1.9 -0.0028563
1.5 1.9 -0.0052551
1.6 1.9 -0.009875
1.7 1.9 -0.014841
1.8 1.9 -0.017573
1.9 1.9 -0.020244
2 1.9 -0.021478
-2 2 0.067607
-1.9 2 0.065117
-1.8 2 0.062685
-1.7 2 0.058942
-1.6 2 0.055872
-1.5 2 0.050554
-1.4 2 0.046059
-1.3 2 0.040633
-1.2 2 0.025478
-1.1 2 0.015099
-1 2 0.0095286
-0.9 2 0.0020492
-0.8 2 0.00096408
-0.7 2 -0.0040879
-0.6 2 -0.0065726
-0.5 2 -0.011055
-0.4 2 -0.014802
-0.3 2 -0.014206
-0.2 2 -0.010484
-0.1 2 -0.0079618
0 2 -0.0053157
0.1 2 -0.0015354
0.2 2 0.0023956
0.3 2 0.007258
0.4 2 0.0093778
0.5 2 0.010316
0.6 2 0.010729
0.7 2 0.011625
0.8 2 0.011745
0.9 2 0.010844
1 2 0.011448
1.1 2 0.0086628
1.2 2 0.0039335
1.3 2 0.0010384
1.4 2 -0.0033506
1.5 2 -0.0050766
1.6 2 -0.010233
1.7 2 -0.014935
1.8 2 -0.018078
1.9 2 -0.020124
2 2 -0.022108
